260.9889532694403 251.44100692613998 253.07431631457442 0.9365193481569498 2.925664636269648 0.04999397156040642 10000000000.0 
240.9490040069646 250.08490733489552 244.03285666781304 0.17399738623501096 -3.1532058779180483 -1.974159446441318 10000000000.0 
250.17780161871275 247.31673435352374 247.62622084228178 2.902453242483981 -0.7896231152412152 2.1938814794554538 10000000000.0 
249.58574916953148 249.03675386572723 252.2552892258414 -0.7363770921335474 0.6813311805800736 5.60963064495077 10000000000.0 
249.37723460964222 249.95219873458532 250.50039577158034 1.006017594755356 7.651911631798728 2.216342330844533 10000000000.0 
248.7090218121491 242.80204289145297 246.6522538614044 3.162290159797475 -2.8021500027308517 0.15861081949819678 10000000000.0 
245.46755992739403 229.97391043618615 251.75345128658012 -1.6030269725799875 0.4802504729245012 -1.2930750865830887 10000000000.0 
247.99341008127232 252.0488708950924 251.0654636955516 -0.23351782071217517 0.8897816763262999 0.7548848090011291 10000000000.0 
244.77230198292125 252.3007826333739 251.38422032410304 -0.995836270291063 4.196581558881373 -0.07726078695645594 10000000000.0 
246.1675854704001 244.6973560130885 251.34996259830476 -2.5130745777593035 -0.988601121364744 -0.2794387734433344 10000000000.0 
242.75836485854376 249.0089239341775 260.3672016032031 -0.8035451106714325 -0.979654190247659 -3.094664840463584 10000000000.0 
253.61819492866732 252.3108517242577 248.13410377836584 -3.9152727895947366 -0.8205429802133315 -1.3935722210545987 10000000000.0 
250.55611366817473 248.96827552531977 247.48807365602798 -1.9262716766727603 1.8709971065974857 0.4558111381693651 10000000000.0 
243.92283693851624 248.12681879973476 255.2768886389789 0.4451611710907915 0.4739461138612466 -0.9919628421682467 10000000000.0 
252.13561498402532 247.31190180396658 248.93336568110664 -0.6157080263242313 -2.2627785502811943 1.3711866063211338 10000000000.0 
247.9923423705629 256.75771780885674 258.4502194041985 -1.821627686871557 -3.0883029751679247 -0.551127066177939 10000000000.0 
252.35546995382322 253.9837903316445 248.98143342672142 -2.260895974864201 -1.3925161583148917 -1.8410455816224927 10000000000.0 
250.78815461303594 248.3548497673883 248.22341162959538 0.39748953051693486 -0.16218543411476136 2.0453321188729623 10000000000.0 
251.0991818293451 249.5984929065443 255.1616969846034 -1.6590506647104437 -1.3338763963288218 -1.8937757030245812 10000000000.0 
252.4085912578996 245.3541946974258 247.00077853309284 -3.510672879265001 1.2935316451184713 -2.823982643930176 10000000000.0 
256.38395641538233 245.5331317926194 250.53980889807585 -0.7515338630013894 1.0806461961369498 1.1253447304247992 10000000000.0 
257.1591399763748 251.80375680728798 247.79950499475703 -0.8622304226192494 5.821144500306316 0.045589575449399455 10000000000.0 
249.23446017448774 252.10724241034143 249.193308880571 -2.8893879160051257 -0.730663608213542 -6.506127093553305 10000000000.0 
261.1054179574345 252.84835294342236 248.36695446309545 -0.679055878640963 0.027586693756595854 -0.3485269905629545 10000000000.0 
247.1101225527545 246.6594998768831 248.57359264625723 -0.4568884607718731 -0.49408673050213014 -0.935059084795111 10000000000.0 
251.15950806094426 248.90998591894999 250.98548701931645 1.2409875402951758 4.590424359871981 -5.319740152902244 10000000000.0 
235.8904163762175 258.0468900819984 253.5088946574298 1.4156948569538188 -0.4825672375356906 -3.1510382389670952 10000000000.0 
245.19635757556657 246.6087413147491 246.82111965504964 1.4060864538516742 0.09065484563137739 -3.135254220147613 10000000000.0 
254.09602847215695 250.6592983321048 248.2222017591457 1.0024432577198361 2.8557018556448295 -3.031400741095328 10000000000.0 
246.30536795578934 248.60184026152706 250.52204930966784 -0.19930416534508974 -1.4739433529095167 -1.6382574895365198 10000000000.0 
249.18716673895986 252.94951040629618 244.56297134816083 -1.5277068725527654 -1.525583495844722 -4.188440646989124 10000000000.0 
227.7199284104874 285.2506386893001 249.5870214223086 0.08354180808974596 0.7667632165820542 1.1337442719710162 10000000000.0 
215.23309815838738 263.5700262544306 235.43963783670577 0.5231560650463416 0.6899414047270891 0.5932077289742788 10000000000.0 
245.78816086853362 247.74833617019644 254.78623020558135 -0.719352152845797 0.9211028992422192 -0.54127148971988 10000000000.0 
248.1984329595533 250.40827805837264 251.2613290169458 4.365903188198749 -3.3822272860578266 1.5329432336422577 10000000000.0 
246.73566014921823 248.0410740300545 240.67540364081253 2.511070903542151 -0.28276233184010496 1.4716695298796427 10000000000.0 
245.79803892513067 248.23808820928193 248.00822394449372 3.511524906392234 0.07485357806994812 -0.4973595071764028 10000000000.0 
247.74226627360278 245.67251041081715 245.45316946277913 -1.1498937994198626 2.615683195981556 -1.5909805651330802 10000000000.0 
249.3527303294939 251.05155756230513 248.44114720646277 0.2907445516678463 -3.4045822931484677 -2.734501322643868 10000000000.0 
252.4748661698775 247.8408658331398 249.08171102879243 -0.5626416953026937 1.4706507432338882 2.443128465218835 10000000000.0 
250.03658377037823 247.6676228139155 247.03192129170884 -5.821858912824066 -0.27301638296685954 -1.7136448924727206 10000000000.0 
239.67108648992016 251.9847905401403 252.10798561821798 0.7921149060986382 3.8319048636502657 -0.6502629036199591 10000000000.0 
251.19960673697676 252.72664106530328 250.90315104755345 -1.2156844041147046 1.1445102948386772 -0.03335869324839973 10000000000.0 
250.0170274587169 251.95311769937686 250.166263064388 -4.592907208911781 -2.9106466739401093 -1.4729656045938029 10000000000.0 
248.48544153085055 251.39719537250144 253.24881935162446 0.8342767359770766 -0.10153851403855184 -0.9573560617731974 10000000000.0 
230.22270776692858 241.18218242599585 251.45281511446862 -1.7764141099339052 -2.703135530589544 0.7552481126160702 10000000000.0 
251.24250561463637 249.8263442785499 250.1852279005406 -1.4170881614972737 -0.301496149829731 3.7884612860989635 10000000000.0 
242.59720862293563 246.9849060340047 259.19408042687456 1.2261863559105735 0.5523303988041677 1.9606640548559924 10000000000.0 
248.61490666657807 244.76283711844067 244.6461626257966 0.7188280187997486 -0.7689927545183991 3.708102202637779 10000000000.0 
248.78739168945157 246.70415188015897 245.4633073971034 3.6348957787287435 3.906832109909616 0.25651210586141093 10000000000.0 
252.94122786151033 255.06019094827008 250.08169829552367 2.931407160342957 -0.8149043193960114 -3.1155365067726843 10000000000.0 
258.94655801901166 255.68607821278312 257.9532855818135 0.4147822237781235 0.25067299781223223 -1.684896790096276 10000000000.0 
245.04138135149202 246.88159853839724 245.5630517434153 -1.931191372969978 -0.7513512691701523 -4.113072627998328 10000000000.0 
249.37086094447557 252.1204916169643 244.62005999782352 0.7927412989593138 1.8050751384176738 -0.7120641785452336 10000000000.0 
248.62490180175297 250.4173201842179 250.80717214549222 -2.738001136653892 3.169773412351355 -3.116493388017577 10000000000.0 
245.93470447307584 253.57888635770666 245.1922162621541 -2.1986285052274654 -4.263660127842564 -2.3783390129641058 10000000000.0 
240.5155436767614 243.19510131063478 258.0023660718321 -1.8735917397852546 0.9494877938682377 0.998131015941942 10000000000.0 
240.3100730255596 242.66127956777402 258.26155186639977 2.294446597187385 -1.0716815132513438 1.4031964086254176 10000000000.0 
256.94284634950344 250.92877474088678 254.0541924106997 -0.01888688293491914 5.108472326802969 -0.09968048743107737 10000000000.0 
246.73181356977162 250.87172830385904 250.08880433692585 -2.469805825967737 -2.4060451912572764 -4.27276707773214 10000000000.0 
252.69117043043906 246.00700252374568 245.87726928648115 1.8152459597912507 4.307723433203048 4.203584297944516 10000000000.0 
250.6412675527843 249.10280123054267 250.6121873019199 5.738351114275181 -2.9958710860808186 -0.48334866246413244 10000000000.0 
246.64029892617876 251.93320719020167 245.37327472146941 -1.8360203208171761 1.122572644239161 2.1912521428563605 10000000000.0 
253.6316273471619 252.45669457455506 252.09817894951098 -3.0425672821485676 1.2479920819054229 4.089473232130537 10000000000.0 
250.63553086179112 252.23728539640976 250.34697542432852 -0.2877842641800076 3.6964643210273165 -2.26161738343018 10000000000.0 
248.02594797867766 247.06654641635023 252.7016534027925 1.606324512416193 3.7647637874559874 3.4871207659377474 10000000000.0 
253.2297920554307 252.1490012861706 253.11935204629538 -3.089555099011784 2.9931478269739915 2.8803573357706513 10000000000.0 
243.58992002702482 255.0749440558811 258.70611278102007 0.5808587411260966 -0.1953537577633948 -0.7523182064037114 10000000000.0 
249.81738734025802 253.97696229017674 253.48630491742148 0.6025466317942062 -3.1655741799466823 -0.4092381270368551 10000000000.0 
239.94832168459456 249.5195875132608 253.0339034068003 -4.783137317555063 -0.99688604181587 1.423392609468234 10000000000.0 
251.07119335681736 249.1767135392127 253.47087320329754 -1.9599681347699025 3.2965502612046236 -4.298841775632137 10000000000.0 
252.86286962148907 246.7753524728873 248.23159927400727 2.5363562197084444 2.3286060384890277 2.1486497524942045 10000000000.0 
251.13446303633285 250.36227712120896 249.0319992946785 1.663018458521373 -0.5757270540184256 -4.254843473324205 10000000000.0 
249.94065772464637 251.26249304824572 251.8603432840355 -3.8701218886068305 -1.4894402447806765 -3.360108802201777 10000000000.0 
253.2446415171132 253.46441927403936 253.74865505760798 0.3841105800456499 -2.6218732545115717 -0.8386868374337827 10000000000.0 
253.7959367175229 250.58735388618447 253.9133370939037 -0.5741255022684801 -0.9583157002923167 0.7207375531849014 10000000000.0 
248.96009849429697 246.04228170823947 248.76722325756708 -5.839694287707326 0.2726325801116739 2.2702373830450355 10000000000.0 
256.85491611185046 239.86115405093767 250.93648253230046 1.4327834630443252 0.024196600118032954 -2.476167363546266 10000000000.0 
255.05916791535395 254.90329007052927 248.22181454525878 1.0751646205627803 0.32824518863397545 -1.447048248421035 10000000000.0 
246.44211449768449 249.74901726926183 254.4975857777789 2.5242647311035395 0.22161216227602468 -1.5188134168544636 10000000000.0 
247.09515795936525 252.21136858533185 252.64392645677336 -2.6289134634306155 -4.075940963012259 -0.3715128087187546 10000000000.0 
251.62459244774342 253.74565629594565 253.79162153787 -1.5364215126352145 -1.474221256308165 2.1249223848828347 10000000000.0 
251.44150563583403 250.57125852795025 257.2413256743206 1.5901216311912063 -0.3938399706274798 -1.7890292190578225 10000000000.0 
247.1988216836435 247.5397442117827 248.979774778072 2.2553597865522144 3.878957531514837 0.07601697172180864 10000000000.0 
243.28835590410364 243.0687325093699 258.08823148383414 -0.897701345976709 0.4906895064275414 -0.6283225360841279 10000000000.0 
249.33145948467447 254.25645242516896 250.88913957128415 -1.105054126482615 2.2193721408831055 1.0091105663139386 10000000000.0 
244.38250661759898 229.56867502745524 238.61837176256412 1.1683967859710824 -1.6814604997068892 -0.20935869000965546 10000000000.0 
249.1338915332089 250.22979460732384 252.71527087239141 0.07536852684485265 -0.9218060765024008 0.24873565052232316 10000000000.0 
251.36235853421093 253.65767127357884 241.61859643985918 -0.10068766140107098 -1.5670370132568217 -0.7244842159248698 10000000000.0 
263.1341014432121 233.8463537383291 268.08574375291926 0.4302368020646102 1.0816385046632524 0.15708198328848214 10000000000.0 
236.91286408489574 240.624614332093 277.3552809464555 1.906655288740893 1.5409845802627933 -0.3182338650843751 10000000000.0 
252.2640393405136 251.9698837742535 249.20543885625167 5.417874091085629 -2.561773474399168 -0.8418518292494097 10000000000.0 
245.2825334850386 259.8412051470003 253.1347057550854 -0.406057076426108 0.8546797589407802 -1.203944175090408 10000000000.0 
249.023283633425 249.72642442072072 249.65203824349416 2.2263139712875364 -2.6480913635117833 -2.199669008479041 10000000000.0 
266.6154281695126 243.5067214174491 245.7499532694745 2.005754481617677 0.7482760759557588 0.13969956586020169 10000000000.0 
252.03393645268295 248.46847518638228 245.22606447033942 -0.5410533464031704 -2.307792202689846 -3.6534385284855913 10000000000.0 
252.1203700008822 252.26296129492232 245.45456698110183 -0.49978495696579367 3.2120183244020475 -1.444204638596509 10000000000.0 
246.0518073999648 261.05945849419766 252.00265093117252 0.010061865404558973 1.794360391651299 1.6493183120026924 10000000000.0 
261.9397153606027 238.89916048393528 253.36091832337954 -0.7282646149920367 -0.6898835674161524 0.2730490739104708 10000000000.0 
257.3572680584357 252.73411965598868 246.5229857986839 -3.019291490602713 3.2394593877715634 0.6281220040511587 10000000000.0 
252.81722100960883 256.9906361536415 255.742022367235 -0.7571478160697125 -2.8138442501862695 -1.13559720600112 10000000000.0 
250.2344628642586 244.88201408812878 245.6823126393845 0.8136315984958973 1.3575814124724097 -2.8536521692304855 10000000000.0 
247.60012114878853 250.27148393304813 250.13960760784374 0.47976372491103414 4.844439097582237 3.694939009008748 10000000000.0 
252.52141453213346 258.6304942056652 253.2804092334322 -1.0932444597009312 1.5858336342056674 -2.9476351259619364 10000000000.0 
254.4410177159806 251.19209513418653 261.34020064905883 -1.936618143016112 -1.798616758186381 -0.9710134426351648 10000000000.0 
231.92002552175103 244.042357805528 216.38055845864213 0.9853770113856154 0.04702794955111786 -1.313252693915996 10000000000.0 
253.89886494870132 250.50324603463443 252.96151885960768 1.8623801845791443 -2.285575035952729 0.2936478528447744 10000000000.0 
252.09475036855252 252.64016186489255 251.46995983863943 0.5623517929362164 -1.0262541839799124 -1.0025279491932377 10000000000.0 
249.91292675891367 252.0961080005513 250.04335968500126 2.2165631611843177 1.3303403117703618 0.6278553357694259 10000000000.0 
303.4558832285986 320.2869651126774 241.03799479239976 -0.4413743076608883 -0.577506498020911 0.034279134528173834 10000000000.0 
255.842854039604 254.0939614863132 246.67402467924498 -3.306173347600919 -1.108896403913152 -1.3821502975941138 10000000000.0 
242.9267059488539 247.6620760514031 256.85550634130607 1.055355727867314 -0.05305860187964852 0.5714420294691711 10000000000.0 
252.93975934899737 256.7435397122511 251.74661468468912 2.35801381038712 -1.7904471196830574 0.2961911533042511 10000000000.0 
233.32548507552735 248.23444904304966 254.37169895609296 -1.28754593150555 3.001776470593098 -2.0847273480026622 10000000000.0 
255.46714766057434 246.51416167188836 248.85846390063716 -4.382731246375243 2.5096123981144043 1.114100660092833 10000000000.0 
247.43093077421224 253.90337994517353 244.8458053407268 0.6983941194790343 2.1016106603910063 -0.9993193907443129 10000000000.0 
257.97445625789726 246.58892931810996 252.00716273399897 0.5341958013131378 -4.058755722797322 -0.47846939648609416 10000000000.0 
251.70384582001392 258.33522396474837 261.5987258870429 -0.185209955359172 0.52444849099836 2.0471918108825413 10000000000.0 
250.11216047142673 250.73233779069494 249.19479749683592 -0.6669101994491531 4.000503903538618 1.8388186475602895 10000000000.0 
266.13110760606247 239.79564837201013 253.13590542011917 -1.1309466615207728 0.14382183650759922 -2.3285026440806034 10000000000.0 
251.54502879527556 251.39489480840132 251.34298959742947 -3.612766398841663 2.556991519505067 0.4025841881987354 10000000000.0 
258.5271102794966 255.19806998435593 247.0298484894324 0.5633636200898846 -1.1158335439873994 0.6016740037164378 10000000000.0 
257.81331999848396 258.47604801004326 250.8747610287546 4.152392502347778 0.9579756437603872 0.08946050906972947 10000000000.0 
248.46112777842205 260.7999461148153 251.4642873337441 0.5722055613449323 -1.9804535483074306 1.6746944076003782 10000000000.0 
244.17696102346036 247.83634571872045 249.25848797759434 -1.8138395648992711 -0.8942308189387249 1.806894922817954 10000000000.0 
248.38028666894104 241.99208913994747 254.87965434440179 0.28384191550213556 -1.3630916723130968 -1.2206708866646767 10000000000.0 
249.2342323837928 248.4030972853628 249.91923147571705 4.452438489344687 -1.7951030599748183 1.5562680230771677 10000000000.0 
248.54389769916247 248.72928456005994 251.7720558484396 -2.753313630480653 0.38187236479219794 0.6269661084689581 10000000000.0 
247.71600428471228 254.73234017725412 240.9709510431898 2.00263233128847 -0.2855080501943964 3.8710299982802217 10000000000.0 
248.78608327781276 249.52707705121261 248.79738120677015 -1.299145776984995 2.1072666256780006 0.42364456538006096 10000000000.0 
250.10413273573946 251.1568198191572 245.94696990902327 -4.49106193545699 -0.6625662701360262 -2.12405149860755 10000000000.0 
250.82293206140665 250.1779979499321 253.0377513324955 -1.533926174757565 1.3118279373343142 -4.65007699364999 10000000000.0 
252.27697802877165 245.56324008027698 249.1108643745902 3.6779240365031125 1.4016892676936332 -1.5684267015426359 10000000000.0 
250.28532388657138 253.4091883111929 252.23094393186636 -4.072570182918093 1.4766170408678498 -1.2947976422698164 10000000000.0 
248.26172293470006 243.8245228060679 256.40104110617 -0.9535402372306536 1.006993911511213 2.1859349335937557 10000000000.0 
243.68187352560503 252.37519571210257 250.72981522570007 2.939636959605993 3.5080155799971524 -0.8831840851799194 10000000000.0 
251.29473722355831 244.76012946078765 256.82899150784505 -0.18446516363795634 -1.1923190073929015 -0.22364749631893532 10000000000.0 
252.6132120137893 252.98710059339092 252.30275316648263 2.2575284619293012 -2.4842348272826578 0.9862869223948775 10000000000.0 
251.46833070499102 243.38000833306108 249.0402024994818 0.02637554362009438 -0.2497408541004045 0.39078018248269886 10000000000.0 
238.04760812675883 247.14207645793732 242.92078609607785 -1.8643590165506694 -0.37217076079626826 -1.5760175192220889 10000000000.0 
251.3418879949055 250.87482393479857 248.62400658146055 1.2478057867226575 3.6710131760453817 0.44974146052198005 10000000000.0 
251.24828360831563 246.90047602990586 254.80151783324482 2.367403629843801 3.4521110754796536 1.4279636494910481 10000000000.0 
248.17249627186507 256.90920901298284 252.2770349232104 -2.047675402399907 -6.144896562933985 -0.11789958645672664 10000000000.0 
246.91563443376378 249.93071117760223 257.87551162915446 0.09747671231762445 2.4662714340311758 3.594546976445586 10000000000.0 
261.17666760903097 244.61309501776594 252.90360316586694 -0.5817893610182845 -2.8183320418033038 -1.763615632184632 10000000000.0 
248.16805240610418 241.8072499057378 205.48002696723952 -0.011735662895073037 -0.19658893224581628 0.5827430132359777 10000000000.0 
252.37387245306192 246.3310456730885 249.5001345250496 -1.210849320229984 -0.09402215230627031 3.7258339714585937 10000000000.0 
252.0269096220855 251.7762857547855 251.99914287651572 1.3630709383897976 1.4320061261546444 1.3840318912353842 10000000000.0 
242.18632006973257 249.91427713308332 246.29185330474542 -0.6283108753860882 -1.720472183917049 1.2902506089487022 10000000000.0 
244.3064930642591 256.1909730130902 250.66720318096932 1.6451148926300039 -3.6553486455469524 -0.020267847596042683 10000000000.0 
253.6811878573216 244.1903014923579 241.1353161036442 0.8016466753168909 2.400939653134393 1.72088333667588 10000000000.0 
247.07652608761958 246.20709054693526 245.38565699481163 0.6952495170345908 -3.655138514157929 -0.5790412544281142 10000000000.0 
250.46891191554855 249.90149645606766 250.37442035393804 3.3542562981922908 -4.528933680409289 -0.7955148385721231 10000000000.0 
249.49415690608186 252.73667932121654 246.75933267076184 2.602840513170076 3.3928053154497957 -1.1561335319862562 10000000000.0 
253.20264683248126 248.54914970028608 255.22909917227528 -2.6203000003706003 -3.307320018227602 -0.13510065578144043 10000000000.0 
248.9263797174584 250.8343173552965 253.76268948908967 -1.5458379643736424 -0.08109059538469782 -2.8451814992796693 10000000000.0 
253.3405245482807 248.6248944888622 252.30577178982304 2.658442856501646 -2.250718595531727 0.34230882022639997 10000000000.0 
258.3534757379087 241.21626451227078 237.88001260470315 0.5179024086514477 1.122291113386998 -3.2305969831361128 10000000000.0 
257.49706075480304 245.19066881675155 258.17852189440174 -1.6802756907317076 1.5994926389781885 -0.39354149743538436 10000000000.0 
246.65390694303798 258.87550906738136 247.09940947969883 0.7268383042753086 1.711876098081019 -1.1056712051293445 10000000000.0 
252.63087543543747 251.66523993806115 247.59656976257907 1.5173341379579008 -0.8939140424201379 2.780914969423765 10000000000.0 
256.80925984619995 246.9040326396598 253.0934466207572 2.829568010367218 1.793521024693865 -2.8016621827624157 10000000000.0 
249.36928598544014 257.2791990669729 250.39728186134866 -2.4458668862615998 -3.3746000645097243 0.709981910770069 10000000000.0 
247.26384764635074 259.40116285060316 241.9871872500045 1.9152671178112632 -0.04687623954646902 2.409150247449426 10000000000.0 
249.9774043718728 249.46186262095813 248.70413889344945 4.091533775697116 -1.8542700386808308 -1.885775602880574 10000000000.0 
250.65824280662594 248.838949360995 244.36447818616966 0.4073010801164742 0.695049389383725 -1.145258234630981 10000000000.0 
247.76764575831461 250.28844533297757 243.7588656717167 -1.840267976713543 2.811781545409547 1.852241455964417 10000000000.0 
249.72694422297172 250.48333593294345 248.98606982481033 -3.150732396506017 -2.188977935026365 4.452806680066785 10000000000.0 
255.8055819915977 244.94104887815638 248.62537960196346 -1.0237904975302234 -0.35601989204299134 0.8636269784974191 10000000000.0 
250.85765294774268 250.47742753017533 248.50352271056076 -0.13789149971308542 -6.06691468955141 2.166530997122028 10000000000.0 
251.0376073435853 246.85332736525498 237.58555574928621 2.460959782557775 -1.851399466381399 0.3444309200874286 10000000000.0 
262.85572019855584 241.98807883622902 246.93615913451242 -0.04363666399828376 0.7899083322074644 1.9258380073050694 10000000000.0 
252.35390005617782 246.44312685813878 251.0269784629527 4.3300010810616625 0.41282669351638906 0.6625257002799172 10000000000.0 
250.29588667512746 252.20349067518313 252.07891136189141 2.7883344950614433 2.164080183532586 5.072379167483135 10000000000.0 
252.11234846796353 261.1287707577015 259.00462129594393 1.022342698456897 -0.10045742949182092 2.07974968772076 10000000000.0 
244.6527276582833 245.55205081420573 250.33242814843396 1.3478915241977971 0.4679794671925761 -3.1943289661164527 10000000000.0 
252.63530324774837 250.08540920472586 241.93245688979317 4.128348770640537 2.149937641059488 1.2689601719541501 10000000000.0 
254.11458265229695 257.66514519441137 253.66084457267007 -1.4207326625768972 -1.0078452240848423 3.0516316598830207 10000000000.0 
254.0569922807462 251.4636578007517 250.71903429212458 0.6077813411023767 2.7234219121978422 1.299359518730117 10000000000.0 
249.2948011471754 251.43228182273472 254.17284112486328 1.5095053767315778 -0.9437732780511995 -1.2882676759989384 10000000000.0 
248.75191890873845 251.77829673600897 247.18190109810268 -5.221706235847929 -1.0722338482227811 -3.9540367345286707 10000000000.0 
254.5622720730611 253.01113855436205 250.05295863346737 0.9629664432714818 -1.9691464334138424 1.2987425292137154 10000000000.0 
256.11048855764824 250.20319512233405 241.25143089954034 2.1366913128130767 0.6366557630015602 1.0193226868761023 10000000000.0 
250.36930861520779 249.671619253704 252.01334153721245 -5.3073510059714515 2.6659509842634144 -2.4110771904219632 10000000000.0 
251.07485387057957 253.1994550116288 255.86416652479028 1.1314519848452351 2.6228685420400373 4.323717676869681 10000000000.0 
252.2710960072728 241.5507211972545 250.19630542488213 3.1181202644704413 4.421888400900878 -2.2785849716045616 10000000000.0 
246.11802508448324 256.58323609705604 240.67302686238367 -2.5945975977627502 0.022602426216869156 -2.520345939634918 10000000000.0 
259.9342023605761 250.2637119861229 233.7585755588158 2.8178879554756318 -1.2630630987370237 1.4955981579253832 10000000000.0 
252.54341664714087 249.03252423619406 248.832991898349 -0.5360272263858173 -3.0951522151491577 4.9602736558334595 10000000000.0 
249.92194601436438 252.19290424111605 246.98904867249294 -2.4311207465249725 -2.2211385506901316 0.14875719163804488 10000000000.0 
249.37908171372894 244.81594933835152 251.62046623261986 -3.9796265647573645 0.08796914074785488 2.3469432919455406 10000000000.0 
250.57405169173222 254.02242930454076 249.96599936377626 0.3871603616135223 1.234039358729948 -3.03830519049741 10000000000.0 
241.01616937340637 239.9298871622807 257.9797556992732 -1.9079359020259274 0.9741750212520465 -0.8503731856093004 10000000000.0 
245.7759227363549 253.0603797175677 252.59804506038827 0.40004806792787584 1.1575103855449316 -0.10813430620954351 10000000000.0 
247.3349603959945 249.08571867855025 245.65439330050876 -0.19683274773320392 -1.3643740563697493 3.4526036661522137 10000000000.0 
248.68905258945225 256.66242390255167 253.76472375771976 -0.647982912900037 -1.0359703343364484 -0.19440030245081452 10000000000.0 
250.1780875822492 246.24207025051555 247.5399397328617 2.4936472487081143 0.06644540649261065 -0.33609120389494823 10000000000.0 
250.48432476965218 250.58380520546817 249.66054216187123 -4.233738106398089 3.2332511183153443 0.5297677690874771 10000000000.0 
247.2323189862569 249.12217099223903 247.93260816009908 -1.539123153828593 2.2603340743817504 -1.33105128838684 10000000000.0 
238.78614476075774 251.08278092601745 253.26913088253465 -1.3228700889941156 2.713706209255115 -1.7578955476340328 10000000000.0 
252.64952164760626 248.6433389112771 251.43672555266352 -5.470267022635807 -0.41049880145380563 2.876370978535137 10000000000.0 
249.5912354796474 247.55519687850898 248.00402130582745 -1.0630525244112283 -2.4351168352705086 2.6648250410547503 10000000000.0 
251.7429061081211 255.00242414820485 262.6695679449492 -0.24128688047736271 2.212777415536294 -1.6403642663068387 10000000000.0 
250.98792371847924 255.737913872356 245.9128636928984 -1.693164585652152 -3.078860014674062 4.482480213184187 10000000000.0 
244.8972986379709 244.33697061948124 246.7377595918496 -0.6372422875333538 -2.6558406456674053 0.4197053962983332 10000000000.0 
241.06712843061445 254.9800585650973 258.24702538334753 3.7709247368439396 1.887318383015946 0.238113972430176 10000000000.0 
252.78311940577717 249.70911126816137 253.1215458977381 3.4437976336641087 -2.177043058010242 3.7208986872530017 10000000000.0 
248.96772184727556 251.73590167780864 244.40539298727836 0.2180929779371142 0.37235808556497696 0.22933847864583487 10000000000.0 
228.9004842568423 204.45795375148074 210.1621455241374 -0.19194852333433662 -0.359584192176469 1.743386573224703 10000000000.0 
251.79504726328423 250.14853348242306 250.61605257865767 2.895330037216471 5.150010937806622 -1.7274357422890305 10000000000.0 
249.08204446461698 252.32029515302116 248.96191918304194 2.158044977611628 3.000159296112328 -3.721809525272127 10000000000.0 
250.78905366120492 249.72669335906576 252.68166955220605 -0.7356387114346259 0.7238614355388855 4.079166946884033 10000000000.0 
252.68903701670916 240.99407554490028 233.48264478740137 0.9155425028502508 -2.407738735596012 -1.0909076281829155 10000000000.0 
243.07885329998888 251.9679160577328 243.00528659990985 -1.165854603460467 1.843009890377813 -1.9335332877112794 10000000000.0 
257.29693001649974 251.3556265549193 254.3660071779312 -2.627321764105987 0.67185941052517 0.4942611671647518 10000000000.0 
266.45327941655484 251.07460219528187 243.93654343790072 -1.1896180934316163 -2.488951170610328 0.8027848951624248 10000000000.0 
253.22650549919206 252.7591195396066 236.99815065591014 -2.0896215043788477 -2.456031494541598 -1.305150450259758 10000000000.0 
250.0776729410097 261.29215409419186 243.45233686151292 1.0179674304540438 0.41415740317026234 -1.1005567605217523 10000000000.0 
249.48130651432794 253.13992694839885 249.54156038110122 0.3548741367105425 -2.9773815364082847 0.8637450049257207 10000000000.0 
247.35905534246686 252.92269546733317 248.7548039607432 -0.34137985982443514 -0.026638154684865738 0.8495272140726339 10000000000.0 
248.52987117951182 254.21874440961395 248.22214976450636 0.5399645810968262 1.4288467970310774 -4.373291068935085 10000000000.0 
251.22681545021962 249.11213154304653 253.95728586929758 2.6958350980437173 5.005714436398631 1.2947029287920317 10000000000.0 
237.83732324914317 262.42916706490695 255.40010008274336 -0.09843092349705083 -1.3843286113700006 -3.426287452235527 10000000000.0 
251.34469078051137 246.60195865641435 252.80989171373318 3.4998485200992384 0.8254677913481144 -6.52828764747469 10000000000.0 
257.3433813147156 256.1873519798125 257.6518668167869 2.6018779667540874 0.3659821660362356 0.4710622681623316 10000000000.0 
258.25372275784116 242.73074899072222 245.82139421277105 1.4620713713537692 0.9900572295331164 -2.55667711473311 10000000000.0 
251.34018471499311 252.1489071865037 250.93264457337352 0.5674150687947529 -1.65254123215499 -3.5185121106442567 10000000000.0 
250.63196739501754 257.86201931274206 256.0945888329365 0.7924418384636915 -1.8152602726577853 1.8066391348913065 10000000000.0 
252.23349960057206 249.78351667676537 270.55583104960374 -1.8739663934593478 1.5224172647758536 -1.4966507554591926 10000000000.0 
248.89846408599746 246.60370044578016 244.31388028463198 2.5867263063449526 3.050534928660866 -3.2541044428916113 10000000000.0 
256.96070961673524 233.51346746002 244.74242102713927 -1.8375103436188485 -2.3809137210900153 0.34956031037797436 10000000000.0 
242.59293989371022 256.44908078516073 212.37421948473937 -1.4914513271162246 0.8943115527170219 -1.625413257844636 10000000000.0 
248.68531435272416 249.62574416016827 249.8435566683164 5.345165909244923 0.12063563405380841 -1.7626313529150262 10000000000.0 
248.9682562649211 251.12242072725837 249.7539005867226 1.72358128938018 -1.8185479104252669 0.12986223824702126 10000000000.0 
254.00017147355942 249.95168202225074 246.22151694239827 -0.8331630575382876 -2.771416861960755 -3.9634031947099415 10000000000.0 
249.7438293587148 252.00423311712487 255.46406046712588 3.0138710196110425 0.5786210327898652 0.3888550000472645 10000000000.0 
247.91512183181868 242.95835936928597 252.30844730078772 -1.1831230248474696 -3.6141998473091004 -1.1032548507608484 10000000000.0 
257.2042954840179 243.67379801760015 244.55415682922236 0.9370151612315009 -0.7001587686150991 0.4938540048354479 10000000000.0 
247.38092983756454 248.02989748659118 247.96415012778542 -4.3264809533435145 3.495775568442191 -0.37255880520509366 10000000000.0 
245.44646516951167 242.40976433004792 244.59084090389948 1.8708845530905929 -3.642966817426646 -0.587467349805793 10000000000.0 
248.71310080609305 253.09168963488526 249.0708994985481 0.40960697949346486 -0.47293330153945967 1.23695841622635 10000000000.0 
250.4175590164151 242.8149856039523 247.2643768372676 -0.7005782934550497 1.0709595728235832 0.35339767764006647 10000000000.0 
244.99435674458715 247.08908021684425 246.94356985263457 -0.3784767011233567 -0.3623648265187592 3.0244927743261094 10000000000.0 
240.83990968737345 252.52008248368801 252.99281085476505 2.283721264564064 1.816395912914529 -1.7512495874648868 10000000000.0 
244.63892121630212 252.4656298869108 252.85504252686147 0.2150730556985006 -1.4418891298482739 -2.2318545081825696 10000000000.0 
251.028025325057 250.56764035252635 250.18150398572539 -1.5936700149713827 -1.555886636346909 -0.9854280584553472 10000000000.0 
238.20015966480145 245.19585146727601 252.69812900374305 0.3682496931632566 -1.5996319922457367 -0.6304243816753408 10000000000.0 
252.68068438867206 248.5161986075976 247.76688405290395 -0.19737734017646127 -0.2660290362947617 -0.6552201850371228 10000000000.0 
244.56178686279932 255.423893085242 244.5747006728308 -1.077338217999825 -0.9966389261524846 -3.1128130978646436 10000000000.0 
258.4009197405079 257.3665782781843 257.2837511924042 -1.1166863827186309 -0.2025409181495944 1.9341484082472322 10000000000.0 
255.98502306400945 248.0432740531924 250.6290613213043 1.2962002477960481 3.3554973859340107 3.3799502586604984 10000000000.0 
254.56800930168424 245.3500231431264 252.00091536991607 0.9633982096435039 0.9966106597260204 -2.916936197749672 10000000000.0 
253.27633180703455 250.21541721814953 246.53563054610223 2.42124033158534 1.0276868019065037 2.8526996362275985 10000000000.0 
255.3994105588677 240.6116472070117 253.7778367578587 0.2434303428493088 -0.4437491314128381 -1.4205268199933236 10000000000.0 
255.68010303133156 246.31711880630928 253.21273473090395 3.453066086940529 0.6845672579383604 2.71159814636786 10000000000.0 
248.39565606375467 244.1514070233084 251.7602637319876 -3.0870538574811803 -1.9875763468657297 -1.0118813454767543 10000000000.0 
250.43508725572957 248.74401557796364 250.75258282364027 -1.0177944798568306 -1.2427851048297585 -5.718159434120438 10000000000.0 
246.12728419527696 247.66608156085366 247.19403758619134 0.5742848300164239 -2.805265264999988 -2.3489400265293425 10000000000.0 
211.27338144325702 225.83696046231518 215.60027345374226 0.7241662550815025 -0.350086534965567 0.5512732464157252 10000000000.0 
285.2639836832284 203.40055773177312 230.82572257943315 -1.0234561218397142 0.7804822285671607 0.3108860241323059 10000000000.0 
257.97299174413337 246.4337987895962 251.03924974697048 0.5147108016013014 -1.065885543260473 -2.4179043049618016 10000000000.0 
248.8580260664135 250.22536901120557 258.03117826173013 -3.1736983093811917 -1.3926506462586032 0.8898826619892504 10000000000.0 
272.58807655407384 254.0528205017469 247.61864329894965 0.4932741233852458 0.0820562228127789 -2.3587414234529027 10000000000.0 
252.48205370054083 253.69012912348703 248.00844524187875 -2.0984931673645195 0.04695072526349082 -0.46896576997085426 10000000000.0 
240.75816454982828 250.75601244452196 246.1506396474714 2.6517229573389165 -1.3639105248530348 -2.0382121989457813 10000000000.0 
243.74716094676452 232.37045948194952 240.66425851108409 -0.9363097106390705 2.7017730655408445 1.0758802394083853 10000000000.0 
261.1646670031921 249.90453183151183 254.99834937520967 -0.2394223895372938 1.8472567040880605 -1.522452571708594 10000000000.0 
251.75330818781396 244.03000242589403 250.4053724009567 -0.32971405805618603 -0.35358329237222175 0.05895779866291448 10000000000.0 
253.39942091889566 249.26767638633586 256.622838455485 2.6674455025817565 0.386152843089727 -2.1076804925240813 10000000000.0 
250.98494778482913 257.62643595464976 249.92855689052277 -2.911550812304993 0.5424906965906814 -2.406310365096393 10000000000.0 
247.2306433937168 254.96547488794084 251.2059972452521 3.3950254685515673 1.366473019737723 -0.43118815632173696 10000000000.0 
250.6557594714992 250.5837006994617 252.40513276147482 2.790200755873401 -4.31292945348682 1.4577646472864034 10000000000.0 
245.53398150800734 254.19379582119691 276.9670580483904 -1.6303470832968165 -0.8445319156026017 -0.38312996141083633 10000000000.0 
258.4228252080454 245.65701396457578 246.6148882153608 0.8159913946598406 -3.532359414854668 -2.102743367961909 10000000000.0 
241.70575307115166 243.57279696481243 259.8287483414836 0.5676823717530076 1.087705376849796 2.8158981705748647 10000000000.0 
248.5500961018706 251.98262843160995 249.64863818959014 4.273888278216508 -1.7278261980562306 3.3008334243391646 10000000000.0 
250.07224692252214 251.44874933083108 237.49876937157492 -2.407060752333465 0.5836422441302104 0.2306308700003669 10000000000.0 
253.38218794881843 248.18447427594978 246.29207848606706 5.158242413999497 -1.1365579941626605 1.5195970095679288 10000000000.0 
258.9184977132233 246.94549016830192 244.57979925122532 -0.8498029999478802 2.515722553723914 -3.3637167612155245 10000000000.0 
248.38950668342008 252.43319728417055 248.66765739469918 -3.3896471385038054 1.5863478078395332 -0.24839875490091734 10000000000.0 
245.84434048371497 250.67191302911226 250.49682483432358 2.4748448746051706 -1.0718210393184489 -1.9136266411141731 10000000000.0 
250.35786842013667 249.46227678284805 249.3142442629345 -0.47661419258618765 3.361118877020688 -2.1987691434170396 10000000000.0 
258.2896840880406 254.72399775179238 255.92462180479606 0.8909436514853338 1.8029352389089688 -1.5787029109221504 10000000000.0 
250.22596347465546 254.35308390616652 252.63446997215198 2.2450333804980405 1.8161101320198436 -2.623318684026847 10000000000.0 
248.82734194988595 250.39103496879625 251.657685365126 -0.25380980019094707 1.5236904840868741 0.45881768813696067 10000000000.0 
235.8010931812347 252.81216347932497 262.7878936996206 -1.1551902317693334 0.9208371393149417 -0.7050835270822753 10000000000.0 
249.36573786478488 258.60194397804145 247.43657565123817 -3.8028566339952765 1.8139855772908509 0.0836196137571326 10000000000.0 
256.5588275227726 244.0018181714268 270.1919520923472 -0.0779986919366716 1.7018434461326093 0.07678847156477431 10000000000.0 
251.45624168367087 252.0272144991672 247.13881611347531 -5.896652841428689 1.1286969401701474 -2.8579371556210775 10000000000.0 
249.86837156324899 252.82047371164782 255.59885922936226 -2.450141780381827 2.390718441599536 1.125229386748457 10000000000.0 
249.85696115104673 249.22666180899606 256.36998888438586 1.0768791605868557 -0.7442030078548448 3.151172344521522 10000000000.0 
251.40396219935903 250.19050082323957 244.36672631471188 1.4925241801609117 -0.9035197634478358 -0.3276025479240258 10000000000.0 
247.53528898063757 247.09430164081522 245.1084824030964 3.103368543924991 0.9239495003043281 -2.151867122386233 10000000000.0 
249.67660851912413 246.59316207177287 251.61254442918747 2.987416278948294 -0.6018716851016142 5.3420409536188975 10000000000.0 
247.40430539227918 227.97186864972164 270.5760321351263 -1.9214555192724927 0.10628530766186498 -1.5389199994901306 10000000000.0 
247.08253511899397 243.59309623709666 253.2734183714493 -3.4725768138307944 0.4893040256134783 -0.10266170291163883 10000000000.0 
247.5606955569939 252.23676811362319 249.31581331118167 -4.241916665475483 0.30047731984214815 -0.6462757133431118 10000000000.0 
252.01816784488912 254.85675059721072 249.184471370066 2.8988521895959978 -2.652052911556221 -1.4287502038534001 10000000000.0 
255.332652518247 249.66853871390717 240.90084663688552 0.4589327106119498 -3.573092202274417 0.4006903893937762 10000000000.0 
253.22909751992526 235.44631616846698 249.38338585863346 1.6568983639380028 1.8996962979577516 0.6972360799108267 10000000000.0 
245.6447825174268 250.45885331632846 249.03957538169394 6.048171482651727 -2.264521624734634 -1.4765581153398049 10000000000.0 
247.96943341139522 260.64005551558654 234.99698866684608 0.33340508889385273 0.2956465059361197 1.3736637660816915 10000000000.0 
252.4322845161484 254.98604957051495 246.46710912253585 2.926935201780826 1.7029889245655312 -0.9777736630316699 10000000000.0 
254.39410312443428 246.1354285885796 257.6127356215493 -0.8766132379198533 0.5286453902357624 0.5642429078855862 10000000000.0 
252.2993854662897 240.29823560119195 257.94256660933786 0.0722637829046917 2.4663935516773114 -0.3486012452051666 10000000000.0 
247.35463909052615 247.48956330020394 246.98781201385825 4.632383799168208 2.477619774711215 0.19102938788206866 10000000000.0 
262.5231711986311 246.6025518475429 242.6114795816203 -0.3253310149000732 1.5834887069277361 -1.1423742506848202 10000000000.0 
249.83990714419488 248.76689156597678 251.8803212371187 1.0869737763810312 0.16819071846609288 0.06076948790688846 10000000000.0 
264.2358639783163 251.17157694916338 248.00627080599077 -2.0732740757982357 -1.0915002988193274 0.17423054329539173 10000000000.0 
246.69578865600522 251.77850425972744 246.11210407086782 -1.018081545231675 1.0964449825524405 -0.5666497287448485 10000000000.0 
246.14026668779113 239.7936007391977 252.50391429488005 4.463126209133282 0.44969588241623104 -2.0387324230625983 10000000000.0 
245.50894232084693 229.65711458018956 242.11833716271562 -1.1863384738826692 -2.2978435047852193 -1.0276219613054032 10000000000.0 
259.1257752603685 246.8454331655804 241.11066646380957 -2.7722445897396506 1.434875641124905 0.547890545751909 10000000000.0 
251.2082802325127 243.5202247734347 248.0450362056123 2.349585556703585 -1.9547226987009088 -1.6123532345334055 10000000000.0 
248.45534907355704 245.12407591772168 250.54613353366696 0.3159343797864805 2.539870149412788 3.626239005310633 10000000000.0 
252.18032256827712 257.553720482247 252.34991050126158 1.6812889421866934 -0.1485893468574292 1.029415587268614 10000000000.0 
246.7449237758925 245.08255924832466 247.3180603098585 0.6147337031474877 -0.656157315235793 0.21970116762201675 10000000000.0 
251.00202163418578 248.3473295525769 247.64003032664795 2.0573639624602373 4.274328536512855 1.1073971089570351 10000000000.0 
247.3792581127806 250.69201209149074 249.5321956868783 2.303621785130802 -0.3512649847832698 0.42786338641766636 10000000000.0 
229.56169676276858 262.5889380954372 241.07844522741277 0.8713990582425057 0.6626702377182538 1.4699630242799993 10000000000.0 
250.02035483126792 254.13001314867125 252.24666101679344 0.24547524221954145 2.3884322968219704 -2.187311951512313 10000000000.0 
249.5251456711971 249.36050098887168 248.59491026708736 5.146216139697352 3.6142057039507134 2.178631171359223 10000000000.0 
252.85250783426693 251.8215050611734 252.0709061060851 0.5025591454427605 1.20408298873478 0.45639816326450333 10000000000.0 
248.41878230074718 246.61160467296 249.81181166635335 0.923992170890392 2.192765100067483 1.5068944811022136 10000000000.0 
262.34225802372043 268.91050202298607 249.15184910614803 0.09990305034373236 0.9605171191228349 -1.3321796084475808 10000000000.0 
250.58660862191368 251.17782963940866 247.85181176612195 -2.092142441340315 2.459557535124174 -2.8450525351146405 10000000000.0 
248.0525855324615 246.05669136735594 247.81629838227275 -2.749669654386298 -0.26836513974099646 -0.7668985529832548 10000000000.0 
253.9820271315335 251.41840285007405 248.183397308483 -0.18860138211153712 -0.7207397567362065 -0.6721355227802774 10000000000.0 
245.31993839145093 247.87459463120624 264.181346550013 1.3392426357044134 -1.8591865278977957 1.0784428444717795 10000000000.0 
254.67512475513982 255.15073434475795 243.56170590018633 0.7430486205567057 1.0258202985467462 1.3439908354429617 10000000000.0 
250.80970739668226 251.5372918840284 244.92986243478714 2.94508629070088 -0.5942388190397155 -4.021409771428404 10000000000.0 
246.84447422569812 252.23381492690936 250.12059597426543 2.650801802448905 4.076826465793204 1.496198505291164 10000000000.0 
251.73877905586988 252.9448669812993 251.4044955958006 4.134137155143547 -0.02270564341829653 1.0706993934002387 10000000000.0 
248.83131586653624 251.64457302986958 251.58563755343326 1.3657690656776138 0.24680591333478433 -1.427204910861115 10000000000.0 
246.56880955922662 246.51998651303015 246.403604563453 -1.6806839217647043 0.00339268461805183 0.45851541440784127 10000000000.0 
252.4284810654942 249.62358895927267 249.3237658212775 -0.10749122342453445 3.0201428055229473 -1.0160328850696474 10000000000.0 
250.0331803167737 251.29787355070664 257.39034285894263 -0.4786652610532848 -2.3013576081370513 -0.11738376834102532 10000000000.0 
245.26517238196516 249.49874651684937 255.61783050395624 -1.4488122336939058 -1.098889000409711 -4.286271124384233 10000000000.0 
249.86464292778442 248.91520952415385 249.57487325581764 1.6676832603882656 0.4477312850163767 -1.7381919205493634 10000000000.0 
253.91687914310708 242.35100150450643 248.85983739044192 -0.2928904849516096 0.2142782810053479 2.799045363899219 10000000000.0 
247.0192209494426 250.4269049858453 248.91139432366532 3.6215092702884424 1.761965755887221 -1.6398381560381898 10000000000.0 
247.46398743231768 247.95627925354705 247.72843550512516 4.796233071568093 -2.8519512273771137 -2.1753250567328664 10000000000.0 
244.273451005132 252.09921407519113 248.28693845215986 -1.4250134158626517 -0.6758980613829918 1.5468820672165138 10000000000.0 
251.09968445195133 254.78528445247528 248.65738516317245 -1.8192101861417451 -0.04746666859099508 -1.3404993685973747 10000000000.0 
249.38711912420237 247.66263442083988 252.06208438559844 -2.07569759309656 5.059638475206352 2.392556451056213 10000000000.0 
249.4408064830895 248.0584866539939 253.88532599292859 1.9898345272987117 -2.5338719716043103 0.4441539272377102 10000000000.0 
247.16196885430156 250.14956563889632 250.94356252847632 -1.8098656567558125 -3.967221948687029 2.550767067917582 10000000000.0 
254.550222751087 254.87024465752543 248.68386093095864 0.6724788858193393 0.04174214403661365 -0.8845359831340879 10000000000.0 
246.72560070956257 251.5202925945267 245.75428831774923 0.6477870430750807 4.022430595562606 1.4283726306847442 10000000000.0 
247.35057785240045 250.4876664533747 253.12673502376202 0.028479558159634915 4.145493560952551 -2.164674668361636 10000000000.0 
250.44372246474083 248.50650331936757 238.35787202625858 0.3299763926173692 -2.588143609652058 -0.4467581366757746 10000000000.0 
252.6683684622766 257.6737796372974 262.71278626423225 -1.1485406451126596 0.5444302980086658 0.9035177641455208 10000000000.0 
252.2261778199144 251.61415071950213 249.5253614816054 1.3965079295557274 1.5386587946118158 -2.7880022040630763 10000000000.0 
244.5151796343055 241.55420251643898 259.36841359145683 1.5749704766683104 -0.5610401821294599 0.22295809513108517 10000000000.0 
249.04398628441623 253.59614186110537 247.47978951479104 -0.11336485854306068 -5.544447052934205 1.1645221697205292 10000000000.0 
260.7337024863362 249.49596849937814 237.81059410956942 -0.5781725755141609 -2.0473842510969584 -0.20487063874965952 10000000000.0 
246.64299426109432 254.2701380506411 253.96322646720265 2.490837107451284 -0.8315493343327763 -2.6681603528925275 10000000000.0 
258.071931186835 240.5986258600819 262.1709463627865 0.6566331196788635 0.5228168760760986 1.049409969043257 10000000000.0 
250.16922523387166 247.25740601725963 244.91963820845936 -0.4719488425262699 -2.9922682769522977 1.5316286650172448 10000000000.0 
247.05449269717664 247.9814299650928 248.13306738064136 -2.4247716874738985 2.2324016522404797 -2.194602368940881 10000000000.0 
241.01165480180438 242.23452128213611 271.21297709036907 -2.5020573821743537 -2.241441851178368 -0.9801872165127187 10000000000.0 
239.8429482437661 242.5415313095469 272.50637071434693 1.9859375643853894 0.7900631654398469 1.640853186236272 10000000000.0 
252.5954234886126 250.67193920510692 244.72794248758026 -2.4304326162268355 -1.2875577470400004 -1.4673122815868171 10000000000.0 
250.9482227368323 252.8863365369274 253.87626191438656 -2.884849761579931 1.4189962823858215 -2.918025609630834 10000000000.0 
249.34068952059525 249.93105588247286 252.8527483814131 -4.014601116453096 1.100910856523035 -2.190353922105271 10000000000.0 
285.9523055856119 304.9385403110386 238.63798523649862 -1.273822180404706 0.3108044175112166 0.1787060522206777 10000000000.0 
244.47830302056806 256.97082414584867 252.93821053954545 2.9618906042629485 -0.21904501190102368 1.8626287041575005 10000000000.0 
247.1000740471492 250.27527657665377 248.36314203895046 -5.316471534738651 1.3785324703719573 1.5423976733355014 10000000000.0 
263.0815416987722 254.98456614821768 255.9788226208141 -2.023338680286795 2.9790489451522073 0.20371535951506195 10000000000.0 
255.48500425852322 255.9731020471359 242.2939571214573 -1.4683666174074326 1.6580205513647732 -1.5845846687315304 10000000000.0 
252.7851958385506 247.86038424922128 262.7151695243488 1.289252682513734 2.1629955244252357 3.0175256423942374 10000000000.0 
251.2720963123195 240.8747559035647 244.5622659051683 -0.5335919135322975 -3.134389847651327 0.9161114860145182 10000000000.0 
259.99291772724 251.16209733071895 239.75817536402383 1.0067645629054924 -0.9339965204206665 0.5410665071035197 10000000000.0 
246.08625310001293 253.17995363699944 249.3355912877233 1.6438428433129153 -2.20141054610228 1.9766412547289152 10000000000.0 
246.43835234979667 235.82876784439426 248.5428740256515 2.325908559274404 0.46728028285428863 2.147047285409243 10000000000.0 
257.14202964318883 256.0337659052253 245.2171768129813 1.566903507210151 1.409881602119635 0.20736874891617912 10000000000.0 
259.0595732320148 245.97429179863383 251.62808238361623 -1.2857572321922457 3.234923047612961 -0.039833175086073216 10000000000.0 
249.10108754233545 247.9457363897581 253.31930937376853 -1.4750467055700367 5.328395709634183 -3.7149807930584218 10000000000.0 
246.88917634592727 250.48379527233698 246.7148951841133 1.6406725814390197 -0.09506227180230861 0.18671056891403226 10000000000.0 
245.41251906556272 247.9086201418382 236.56737395571847 1.1566743462444886 1.3681258629489044 -0.8537122377470198 10000000000.0 
253.1342279557827 248.75470110120264 251.06150689675263 0.6605892418344074 -1.2957561150450247 0.4779415837276175 10000000000.0 
250.2973546077176 249.76360860911717 248.40408440316972 -1.69281157347168 3.965824228803176 -0.47090329567222766 10000000000.0 
250.47653129906735 250.01236392800666 248.91710565187583 -0.2712905462973056 5.532960418742853 -2.186362896933784 10000000000.0 
248.05797807767897 254.61622604370845 248.22365243920024 1.6328480227353948 1.7863657964372848 -1.7252705131320476 10000000000.0 
254.38775213451325 249.51990067675322 253.97436833839905 -5.114210947029169 -2.2897671637122023 0.6877000313601219 10000000000.0 
245.8828231817832 237.7248220690314 249.65401079433596 -1.3162454769573755 -1.1065195417599247 0.9862290993042953 10000000000.0 
256.07564295699586 251.37010446179974 246.16484948255496 -1.3704320560887067 3.8776446623210465 1.6051400716993456 10000000000.0 
249.0764146449123 247.7746441616902 248.3296797801835 -2.8243271943988177 -0.47533716174728613 -2.622509754919159 10000000000.0 
250.61249321449262 257.38453797594013 261.3336869591612 -0.09251353182543455 0.49856414131979193 -1.0469570379947613 10000000000.0 
218.69816505228695 251.48126188648038 285.8836787663186 0.30053441985272017 -0.32573941383621163 1.1973919826866186 10000000000.0 
252.73985824214037 251.65710481822836 251.65034214302108 -1.4822652891100458 -1.4931654098202674 2.725302338861591 10000000000.0 
250.87568124107838 247.91596234815893 251.47136574474982 -0.23176154333574556 0.5452247598092199 -5.991498981216006 10000000000.0 
251.28111855851907 251.56132480513318 250.57537876797758 2.8707510087875265 -3.82409893772381 -3.8558794442226807 10000000000.0 
248.92991166259918 254.92744732410253 248.5576540918126 0.04970339865162368 -0.8998693262647448 -4.539022103854783 10000000000.0 
251.5657442165756 248.62409557720832 253.8335128852707 1.796260094305458 -0.2671981115906902 2.6024680140505256 10000000000.0 
241.10030248036216 248.8456769966603 254.81404252317827 -0.7081616834943169 -1.4070573471679466 -0.1028406533629313 10000000000.0 
259.38835089809066 254.4634897794652 238.14402514828893 0.3173685680033097 1.1174763482865437 0.027337329849354167 10000000000.0 
250.2193346764907 251.806628664127 252.0345744510969 -0.7010519476663607 4.893543025718038 3.495545147351214 10000000000.0 
248.85357610959682 260.1779249854078 256.07840152920534 2.842148079407909 -1.7043128495130186 3.3063038144021055 10000000000.0 
246.36341332263453 219.61199180673282 255.357472921149 1.0184321015737448 0.3934514113601126 0.9283095000660451 10000000000.0 
252.30806385893024 252.30428632130636 258.6534521088716 0.9320324282508637 -0.5190270745752971 0.20398682063510198 10000000000.0 
249.1856085052596 252.26096393314256 250.44048043292472 -0.6913497350539056 -0.8034294203228455 -1.1061300335997848 10000000000.0 
251.1620266892265 254.2422533091399 243.25773660394952 -0.2648688838741576 1.8628227082777673 1.5905767007548137 10000000000.0 
249.18799525193796 257.6201867655231 254.12816026273435 0.39512183568948944 -0.3248126923470066 2.6375366672184373 10000000000.0 
251.19485409287597 253.9670519616635 255.30776213045414 0.7945176765142469 1.3238397325538696 -0.32602165978855074 10000000000.0 
255.71776583798905 245.88855611758376 251.55517518314767 -2.7845996627946628 2.668320638949813 1.0263617221024726 10000000000.0 
249.70197105096273 259.17569627287253 254.12771808462165 1.0102793598697863 -2.077080195713554 -1.2972766032238707 10000000000.0 
249.3648081408893 250.08239563276106 245.61632895542274 1.2982508484033717 -1.167349687682376 2.577913934946104 10000000000.0 
254.02266392540133 251.15484400635106 247.18285874024454 -0.6557075520852839 -2.8879432970603123 4.837011310420433 10000000000.0 
251.51036575328425 251.8382855662798 255.34162557993375 -3.1019115786845255 -0.8028577900483697 2.8667284964532107 10000000000.0 
250.8237922170569 252.294787679819 253.46169403281658 1.3343488277776436 -2.214635337554816 -0.9000905878003875 10000000000.0 
255.32116310788047 244.12056876210295 244.22091268002654 -1.873339955336387 0.12313420984679846 -3.337434728658847 10000000000.0 
250.33047244459408 249.69937580848492 253.9170398344796 4.215599576560025 0.3547397321653861 -0.9523195710634929 10000000000.0 
220.40148533298387 249.69720858653548 243.0929946930055 -0.7813173038282494 -1.7325012495441166 0.7781332554077136 10000000000.0 
250.19977264461954 245.35130873199955 247.07789468983083 -1.0972655096453956 -4.989857072340157 2.014943582269366 10000000000.0 
242.59824827438922 240.98329574173573 248.9739965935804 -0.6031601656104078 -0.9620912911076565 0.07259792721208456 10000000000.0 
248.69785093966271 250.25579914257423 252.27568195321965 -0.45495146549206594 1.3491881746660848 -0.7356585252580815 10000000000.0 
236.07069065313823 240.89470504106416 265.3814096688435 0.7882498420139417 -1.6826625047931691 -0.6549504377918406 10000000000.0 
245.64863191837577 248.88997815213594 250.88894938422916 3.925638285989598 2.7115490318815896 0.47645669767589266 10000000000.0 
250.38448771504466 250.86110710603262 248.8030506799443 -0.4308595113277859 1.7809767308168472 0.2461137799547297 10000000000.0 
256.563642366705 251.63173944166877 271.855363667633 0.7027567869234722 1.48989715285352 0.47142445813974604 10000000000.0 
252.85831886558353 252.70416989829135 249.52454274196575 -0.3926165043838703 4.290685542816385 -1.7527142652659042 10000000000.0 
242.70960185801746 253.1537044420439 258.7944019533351 0.5578088423507389 -2.0708448373242527 1.8507538629887115 10000000000.0 
246.50158159885157 250.5829773061826 252.389848846989 -0.7277098819941923 0.19123342059453002 -0.34447638510481743 10000000000.0 
236.44934947351138 253.61436285917353 254.62825858569576 -1.9523852271403572 -0.14991700193303822 -0.3475825180030737 10000000000.0 
243.60374812101338 243.26617463695766 243.21002626726047 -2.437412043398141 -1.3942419479793429 2.1032634630233433 10000000000.0 
257.57687832108377 237.76286411057862 247.38398889164995 0.5099559177585423 2.2529509460987476 -0.10174693567250444 10000000000.0 
242.11229662061322 253.87984981288193 251.40695306458775 0.7129329021866946 0.9402125558742036 2.7744718211227446 10000000000.0 
252.1154454667846 252.3779300163119 255.96020354851441 3.429465150563952 -0.8379194061274067 2.6683999874845057 10000000000.0 
252.44217561745222 247.79630382556113 248.02749877449128 -0.43879299536447003 3.6489718130353315 -3.9272522627839823 10000000000.0 
249.03889856894958 247.53309824609224 252.9320863302939 -0.41116050157224737 -0.905949772611387 -2.717061909766904 10000000000.0 
247.46318932605936 250.803652921653 247.8581699435459 1.3105926672946746 3.233942786734592 4.601353699210379 10000000000.0 
214.42318874351164 252.31978505438644 281.1045577960626 -1.9629322270807696 -0.2384357611191867 -0.610119801118951 10000000000.0 
254.5416597739981 251.574932854348 247.79028172500074 -1.7500590258331614 0.29279761486000994 -0.727698503209236 10000000000.0 
273.1981709314152 252.02908784001738 258.39519901282256 -0.9153846581056767 -0.08067772673322107 -1.9259207125381201 10000000000.0 
221.49551853520026 273.40464807059203 235.22086876257526 -0.5208507221351006 -0.591001452444922 1.9217540263579402 10000000000.0 
247.68967756869588 251.80089017853385 247.2282021836431 -6.481289522316007 2.879064932150551 -1.7369150135576368 10000000000.0 
245.31725763966915 249.7996956288059 249.76335350863906 1.3598365953006417 2.0971173034550716 -2.8828447462967843 10000000000.0 
253.1250576176735 243.42459557707514 246.98496285160059 2.579145181368837 0.6596115695422007 -0.24385948021087597 10000000000.0 
258.5201321237687 264.73726811699066 275.1437444508882 -1.9178911806346852 1.4314504278302367 -0.5310948875533023 10000000000.0 
245.65830742926696 254.50940972124107 248.32192318558995 -3.604860002780086 -0.23009442977945005 -1.9104494349675816 10000000000.0 
249.56961844602242 250.22869579437824 245.46269337812396 -3.117806052144824 -2.690646920383903 -0.5287117724951914 10000000000.0 
249.93535770312835 251.29178904517823 250.04863220811453 -2.714197400782759 4.7531811484720805 3.8424523812385223 10000000000.0 
246.50805996685457 250.3222713202583 250.5688718942454 0.5295517169111574 -0.45156539420041975 -3.4940777325842687 10000000000.0 
251.50125484650778 242.5991840578024 251.7562242719457 -2.4275527604831186 0.2357947757780676 -1.9491127135578339 10000000000.0 
242.73233184017346 245.91483000185826 247.6599875402972 2.238699820387744 1.2217582653861172 3.225882654192513 10000000000.0 
248.1343570694646 247.6540328601928 248.00746152144262 2.432750825204585 -0.6846084009199511 -3.8043015986446047 10000000000.0 
254.3737721750414 243.91337175988042 250.89151661294127 0.8404237979580385 1.7143616647513673 0.014077051462835177 10000000000.0 
247.9297728101873 249.07937975754817 252.36000340333482 3.196611592021142 0.6442444464162933 0.6238910168104954 10000000000.0 
249.90474330244828 249.92324512085082 246.47300108833664 2.0570816253951536 -4.374572155884454 -1.8680155193061647 10000000000.0 
254.33900167560816 247.1173941916069 244.13500569795573 0.9698557005526632 0.25316867004280136 -2.307811038353893 10000000000.0 
252.84633928932783 248.35048196825758 247.57605956762393 -2.3442192888678126 -2.6988382830097697 -2.5690146528335642 10000000000.0 
242.03325628675506 246.34883562853307 244.39878214324858 -2.56110456726382 -1.7033347828726881 -0.024815092699329275 10000000000.0 
241.09942619810099 251.49908302805497 258.29570005285086 0.4405448674909936 -1.1119501359578314 -2.0939389740497623 10000000000.0 
251.3714169302331 243.91948212311092 248.7426457471904 -2.3106375221400346 -0.5671091182711306 -1.2489598383541123 10000000000.0 
254.0332591655473 235.91154251219672 249.1307433252588 -0.2270145923995014 -0.9394076452631395 -1.6788424345340616 10000000000.0 
252.98450491196593 250.29044238640287 250.36788301894953 -2.066457535618269 1.1512357325130953 2.1149222611666647 10000000000.0 
249.4302674146801 248.06602630454952 247.2696509450949 -3.072641705556361 -1.9573788641549976 1.625976377209091 10000000000.0 
253.18540850290336 251.69141364716137 250.97029286228073 -2.676723892358327 0.9458821427592649 -2.13438069955334 10000000000.0 
251.61248329758027 248.49456195396212 256.22544145290493 0.005011896151685938 2.9049546040382985 -0.8724830158454144 10000000000.0 
248.1946113703667 248.79541261984394 252.6175981013661 -1.9238601156548463 1.5309307220142783 -1.7942872126314036 10000000000.0 
271.30099168079425 226.5504413748547 235.529442375791 -0.8121921918046014 -0.815535687870936 0.32018839393702964 10000000000.0 
241.67097938863233 265.08722783305893 255.12075696160446 0.4205897806816678 0.41515806947015876 -1.1862473119168664 10000000000.0 
256.16900739464336 252.5281863786852 243.00393842136228 0.8286998604630496 -2.7537534904785055 1.2045503939668878 10000000000.0 
250.53975073794672 251.60662662715606 245.3890775014505 -1.6294003981170697 -1.1178667312685837 0.3961652974019219 10000000000.0 
247.13904655942218 268.6636626268302 250.4162932117161 0.7468989051912956 -1.3901997418105962 -0.6700023454527645 10000000000.0 
252.08579142792465 248.59861552892102 254.29353755975393 -0.7383163277034178 -2.3167439007136266 1.8482595024566533 10000000000.0 
249.76802658787588 245.68992103045196 249.1758102117328 3.3973424655471325 -1.7591415489845177 1.3304079679932448 10000000000.0 
249.01165811150207 248.79824189554787 246.19923317591267 6.213039626344557 -1.4884087178137755 -3.2425639411194163 10000000000.0 
256.4336430207423 248.5629669621305 252.6664006943913 1.9751085207622496 -0.15541231727601737 0.1512484028830003 10000000000.0 
253.36380283227376 249.80256423510087 252.65954984757911 1.474886956522054 -1.779414109201692 0.20854727919624194 10000000000.0 
250.00678505583846 249.24004390773683 250.48884092831992 1.914454713929366 2.115494879064607 -0.6386589527391054 10000000000.0 
250.74765403707283 245.8140102255778 253.48490123894217 1.8154739967174174 3.4366738601467763 0.21510917253661255 10000000000.0 
252.0330160437898 250.8639447253753 252.00689403845882 2.6622194487901223 0.9171151256127553 -0.3557487386079054 10000000000.0 
249.2764374756389 247.31333942855832 249.75012911582542 2.096315322344695 1.7499860341810083 -1.658752489158447 10000000000.0 
226.38766009134375 252.676385798688 249.1276271998225 1.8809451850748333 0.5216281764035502 1.377719893940776 10000000000.0 
243.44691676378142 256.0666641030868 252.52954234282382 -2.283329555091085 -2.854384880944947 0.3215635073026546 10000000000.0 
245.65531692197496 254.40746213177695 235.16649502611983 -0.4456332155936331 -2.349694831022682 1.1946213596683908 10000000000.0 
252.6678946289028 247.15903557079076 251.14736536814507 -0.42450762281528365 0.1805860522978494 0.6019388416924596 10000000000.0 
246.46997458788928 255.54291288752862 254.87039231852802 -0.06299403413707111 -0.17252744056223918 2.239987071139425 10000000000.0 
251.34840953194188 250.40025664641573 254.25339474305989 -3.7079901008395355 -1.9558160651950005 -1.3063053041313544 10000000000.0 
250.89524449782436 253.37091675157208 250.42523502960657 2.5117160917557304 0.10737414533193133 1.5783642208812483 10000000000.0 
249.2984070780691 245.4424215913413 251.5698990294727 1.7789324298409315 0.6932825052634682 1.2586782385277844 10000000000.0 
269.52593765074386 222.0755759323342 245.7455436500861 0.803305266538288 1.5450955408920959 1.8473121618690416 10000000000.0 
241.42148301332065 238.3790511108736 256.07131194400114 0.8285534366805622 -0.2389176855734824 1.0586178924386387 10000000000.0 
251.14506383940687 277.60756786109204 269.36900626068825 0.1070985273563374 -1.5870199420408013 2.2177159734258365 10000000000.0 
245.78138788774692 242.75403541137158 248.3671154699735 -0.2780097429536056 -1.0830846408735986 -0.17084407712894775 10000000000.0 
251.1190916872829 248.16647248951193 248.0679222652517 -0.2657121017993781 -2.279648054030763 -2.5288097237330507 10000000000.0 
242.26088169005655 248.81340807044234 247.68123381638395 -3.1150308186826785 0.8172124016829959 0.5003295280421719 10000000000.0 
248.69739756017375 247.76156120804197 250.9515319555276 -0.08082091665755002 5.425054238690065 2.6938249013687874 10000000000.0 
249.95711168671104 257.46492157171326 258.7277269668928 3.5416744603152894 -0.636787896528566 -3.501219328001097 10000000000.0 
248.59551750928634 245.90731042588067 250.65205463296996 1.7220900535699715 2.526536717586213 1.1387350048354041 10000000000.0 
249.05493162475364 254.1404472865615 246.73848346442855 -1.5296916365947657 -2.821599059730475 0.8984147338751349 10000000000.0 
253.58823258966947 242.49349435815947 246.64418066529743 -0.6845985149715801 -0.7900021518812161 -4.135746799488188 10000000000.0 
251.27195857682568 252.85977298017204 253.00982024500888 4.023178571529144 1.3363504238733988 0.23552915719882342 10000000000.0 
258.96514163617564 285.77590135949623 249.94278607592528 -0.6386557426365218 -1.2672632450662737 -0.748987003674184 10000000000.0 
245.199134033431 246.5014892658882 249.85499354097092 -3.2344928151808814 1.2695928915553356 -0.13002506113113257 10000000000.0 
252.3633157105299 246.58167110088957 248.0999055814026 -2.7202594254311183 3.36127191895402 -1.054218064691294 10000000000.0 
246.9250665279064 246.9584770371844 248.12905667799157 0.6489770263011132 0.40295493398859533 1.8981201498165932 10000000000.0 
245.7748209043245 250.1849550794522 251.28678577651607 -1.310468675278126 0.31867328202693707 -1.3167556972385133 10000000000.0 
