6.89823e-310 3.11826e-318 6.95263e-311
0
6.89823e-310 6.23649e-318 1.39053e-310
1
6.89823e-310 9.35472e-318 2.08579e-310
2
6.89823e-310 1.2473e-317 2.78105e-310
3
6.89823e-310 1.55912e-317 3.47632e-310
4
6.89823e-310 1.87094e-317 4.17158e-310
5
6.89823e-310 2.18276e-317 4.86684e-310
6
6.89823e-310 2.49459e-317 5.56211e-310
7
6.89823e-310 2.80641e-317 6.25737e-310
8
6.89823e-310 3.11823e-317 6.95263e-310
9
6.89823e-310 3.43006e-317 7.6479e-310
10
6.89823e-310 3.74188e-317 8.34316e-310
11
6.89823e-310 4.0537e-317 9.03842e-310
12
6.89823e-310 4.36553e-317 9.73369e-310
13
6.89823e-310 4.67735e-317 1.04289e-309
14
6.89823e-310 4.98917e-317 1.11242e-309
15
6.89823e-310 5.301e-317 1.18195e-309
16
6.89823e-310 5.61282e-317 1.25147e-309
17
6.89823e-310 5.92464e-317 1.321e-309
18
6.89823e-310 6.23647e-317 1.39053e-309
19
6.89823e-310 6.54829e-317 1.46005e-309
20
6.89823e-310 6.86011e-317 1.52958e-309
21
6.89823e-310 7.17193e-317 1.59911e-309
22
6.89823e-310 7.48376e-317 1.66863e-309
23
6.89823e-310 7.79558e-317 1.73816e-309
24
6.89823e-310 8.1074e-317 1.80768e-309
25
6.89823e-310 8.41923e-317 1.87721e-309
26
6.89823e-310 8.73105e-317 1.94674e-309
27
6.89823e-310 9.04287e-317 2.01626e-309
28
6.89823e-310 9.3547e-317 2.08579e-309
29
6.89823e-310 9.66652e-317 2.15532e-309
30
6.89823e-310 9.97834e-317 2.22484e-309
31
6.89823e-310 1.02902e-316 2.29437e-309
32
6.89823e-310 1.0602e-316 2.3639e-309
33
6.89823e-310 1.09138e-316 2.43342e-309
34
6.89823e-310 1.12256e-316 2.50295e-309
35
6.89823e-310 1.15375e-316 2.57247e-309
36
6.89823e-310 1.18493e-316 2.642e-309
37
6.89823e-310 1.21611e-316 2.71153e-309
38
6.89823e-310 1.24729e-316 2.78105e-309
39
6.89823e-310 1.27848e-316 2.85058e-309
40
6.89823e-310 1.30966e-316 2.92011e-309
41
6.89823e-310 1.34084e-316 2.98963e-309
42
6.89823e-310 1.37202e-316 3.05916e-309
43
6.89823e-310 1.4032e-316 3.12868e-309
44
6.89823e-310 1.43439e-316 3.19821e-309
45
6.89823e-310 1.46557e-316 3.26774e-309
46
6.89823e-310 1.49675e-316 3.33726e-309
47
6.89823e-310 1.52793e-316 3.40679e-309
48
6.89823e-310 1.55912e-316 3.47632e-309
49
6.89823e-310 1.5903e-316 3.54584e-309
50
6.89823e-310 1.62148e-316 3.61537e-309
51
6.89823e-310 1.65266e-316 3.6849e-309
52
6.89823e-310 1.68385e-316 3.75442e-309
53
6.89823e-310 1.71503e-316 3.82395e-309
54
6.89823e-310 1.74621e-316 3.89347e-309
55
6.89823e-310 1.77739e-316 3.963e-309
56
6.89823e-310 1.80857e-316 4.03253e-309
57
6.89823e-310 1.83976e-316 4.10205e-309
58
6.89823e-310 1.87094e-316 4.17158e-309
59
6.89823e-310 1.90212e-316 4.24111e-309
60
6.89823e-310 1.9333e-316 4.31063e-309
61
6.89823e-310 1.96449e-316 4.38016e-309
62
6.89823e-310 1.99567e-316 4.44969e-309
63
6.89823e-310 2.02685e-316 4.51921e-309
64
6.89823e-310 2.05803e-316 4.58874e-309
65
6.89823e-310 2.08922e-316 4.65826e-309
66
6.89823e-310 2.1204e-316 4.72779e-309
67
6.89823e-310 2.15158e-316 4.79732e-309
68
6.89823e-310 2.18276e-316 4.86684e-309
69
6.89823e-310 2.21394e-316 4.93637e-309
70
6.89823e-310 2.24513e-316 5.0059e-309
71
6.89823e-310 2.27631e-316 5.07542e-309
72
6.89823e-310 2.30749e-316 5.14495e-309
73
6.89823e-310 2.33867e-316 5.21447e-309
74
6.89823e-310 2.36986e-316 5.284e-309
75
6.89823e-310 2.40104e-316 5.35353e-309
76
6.89823e-310 2.43222e-316 5.42305e-309
77
6.89823e-310 2.4634e-316 5.49258e-309
78
6.89823e-310 2.49459e-316 5.56211e-309
79
6.89823e-310 2.52577e-316 5.63163e-309
80
6.89823e-310 2.55695e-316 5.70116e-309
81
6.89823e-310 2.58813e-316 5.77069e-309
82
6.89823e-310 2.61931e-316 5.84021e-309
83
6.89823e-310 2.6505e-316 5.90974e-309
84
6.89823e-310 2.68168e-316 5.97926e-309
85
6.89823e-310 2.71286e-316 6.04879e-309
86
6.89823e-310 2.74404e-316 6.11832e-309
87
6.89823e-310 2.77523e-316 6.18784e-309
88
6.89823e-310 2.80641e-316 6.25737e-309
89
6.89823e-310 2.83759e-316 6.3269e-309
90
6.89823e-310 2.86877e-316 6.39642e-309
91
6.89823e-310 2.89996e-316 6.46595e-309
92
6.89823e-310 2.93114e-316 6.53548e-309
93
6.89823e-310 2.96232e-316 6.605e-309
94
6.89823e-310 2.9935e-316 6.67453e-309
95
6.89823e-310 3.02468e-316 6.74405e-309
96
6.89823e-310 3.05587e-316 6.81358e-309
97
6.89823e-310 3.08705e-316 6.88311e-309
98
6.89823e-310 3.11823e-316 6.95263e-309
99
6.89823e-310 3.14941e-316 7.02216e-309
100
6.89823e-310 3.1806e-316 7.09169e-309
101
6.89823e-310 3.21178e-316 7.16121e-309
102
6.89823e-310 3.24296e-316 7.23074e-309
103
6.89823e-310 3.27414e-316 7.30026e-309
104
6.89823e-310 3.30533e-316 7.36979e-309
105
6.89823e-310 3.33651e-316 7.43932e-309
106
6.89823e-310 3.36769e-316 7.50884e-309
107
6.89823e-310 3.39887e-316 7.57837e-309
108
6.89823e-310 3.43005e-316 7.6479e-309
109
6.89823e-310 3.46124e-316 7.71742e-309
110
6.89823e-310 3.49242e-316 7.78695e-309
111
6.89823e-310 3.5236e-316 7.85648e-309
112
6.89823e-310 3.55478e-316 7.926e-309
113
6.89823e-310 3.58597e-316 7.99553e-309
114
6.89823e-310 3.61715e-316 8.06505e-309
115
6.89823e-310 3.64833e-316 8.13458e-309
116
6.89823e-310 3.67951e-316 8.20411e-309
117
6.89823e-310 3.7107e-316 8.27363e-309
118
6.89823e-310 3.74188e-316 8.34316e-309
119
6.89823e-310 3.77306e-316 8.41269e-309
120
6.89823e-310 3.80424e-316 8.48221e-309
121
6.89823e-310 3.83542e-316 8.55174e-309
122
6.89823e-310 3.86661e-316 8.62127e-309
123
6.89823e-310 3.89779e-316 8.69079e-309
124
6.89823e-310 3.92897e-316 8.76032e-309
125
6.89823e-310 3.96015e-316 8.82984e-309
126
6.89823e-310 3.99134e-316 8.89937e-309
127
6.89823e-310 4.02252e-316 8.9689e-309
128
6.89823e-310 4.0537e-316 9.03842e-309
129
6.89823e-310 4.08488e-316 9.10795e-309
130
6.89823e-310 4.11607e-316 9.17748e-309
131
6.89823e-310 4.14725e-316 9.247e-309
132
6.89823e-310 4.17843e-316 9.31653e-309
133
6.89823e-310 4.20961e-316 9.38605e-309
134
6.89823e-310 4.24079e-316 9.45558e-309
135
6.89823e-310 4.27198e-316 9.52511e-309
136
6.89823e-310 4.30316e-316 9.59463e-309
137
6.89823e-310 4.33434e-316 9.66416e-309
138
6.89823e-310 4.36552e-316 9.73369e-309
139
6.89823e-310 4.39671e-316 9.80321e-309
140
6.89823e-310 4.42789e-316 9.87274e-309
141
6.89823e-310 4.45907e-316 9.94227e-309
142
6.89823e-310 4.49025e-316 1.00118e-308
143
6.89823e-310 4.52144e-316 1.00813e-308
144
6.89823e-310 4.55262e-316 1.01508e-308
145
6.89823e-310 4.5838e-316 1.02204e-308
146
6.89823e-310 4.61498e-316 1.02899e-308
147
6.89823e-310 4.64616e-316 1.03594e-308
148
6.89823e-310 4.67735e-316 1.04289e-308
149
6.89823e-310 4.70853e-316 1.04985e-308
150
6.89823e-310 4.73971e-316 1.0568e-308
151
6.89823e-310 4.77089e-316 1.06375e-308
152
6.89823e-310 4.80208e-316 1.07071e-308
153
6.89823e-310 4.83326e-316 1.07766e-308
154
6.89823e-310 4.86444e-316 1.08461e-308
155
6.89823e-310 4.89562e-316 1.09156e-308
156
6.89823e-310 4.92681e-316 1.09852e-308
157
6.89823e-310 4.95799e-316 1.10547e-308
158
6.89823e-310 4.98917e-316 1.11242e-308
159
6.89823e-310 5.02035e-316 1.11937e-308
160
6.89823e-310 5.05153e-316 1.12633e-308
161
6.89823e-310 5.08272e-316 1.13328e-308
162
6.89823e-310 5.1139e-316 1.14023e-308
163
6.89823e-310 5.14508e-316 1.14718e-308
164
6.89823e-310 5.17626e-316 1.15414e-308
165
6.89823e-310 5.20745e-316 1.16109e-308
166
6.89823e-310 5.23863e-316 1.16804e-308
167
6.89823e-310 5.26981e-316 1.175e-308
168
6.89823e-310 5.30099e-316 1.18195e-308
169
6.89823e-310 5.33218e-316 1.1889e-308
170
6.89823e-310 5.36336e-316 1.19585e-308
171
6.89823e-310 5.39454e-316 1.20281e-308
172
6.89823e-310 5.42572e-316 1.20976e-308
173
6.89823e-310 5.4569e-316 1.21671e-308
174
6.89823e-310 5.48809e-316 1.22366e-308
175
6.89823e-310 5.51927e-316 1.23062e-308
176
6.89823e-310 5.55045e-316 1.23757e-308
177
6.89823e-310 5.58163e-316 1.24452e-308
178
6.89823e-310 5.61282e-316 1.25147e-308
179
6.89823e-310 5.644e-316 1.25843e-308
180
6.89823e-310 5.67518e-316 1.26538e-308
181
6.89823e-310 5.70636e-316 1.27233e-308
182
6.89823e-310 5.73755e-316 1.27928e-308
183
6.89823e-310 5.76873e-316 1.28624e-308
184
6.89823e-310 5.79991e-316 1.29319e-308
185
6.89823e-310 5.83109e-316 1.30014e-308
186
6.89823e-310 5.86227e-316 1.3071e-308
187
6.89823e-310 5.89346e-316 1.31405e-308
188
6.89823e-310 5.92464e-316 1.321e-308
189
6.89823e-310 5.95582e-316 1.32795e-308
190
6.89823e-310 5.987e-316 1.33491e-308
191
6.89823e-310 6.01819e-316 1.34186e-308
192
6.89823e-310 6.04937e-316 1.34881e-308
193
6.89823e-310 6.08055e-316 1.35576e-308
194
6.89823e-310 6.11173e-316 1.36272e-308
195
6.89823e-310 6.14292e-316 1.36967e-308
196
6.89823e-310 6.1741e-316 1.37662e-308
197
6.89823e-310 6.20528e-316 1.38357e-308
198
6.89823e-310 6.23646e-316 1.39053e-308
199
6.89823e-310 6.26764e-316 1.39748e-308
200
6.89823e-310 6.29883e-316 1.40443e-308
201
6.89823e-310 6.33001e-316 1.41138e-308
202
6.89823e-310 6.36119e-316 1.41834e-308
203
6.89823e-310 6.39237e-316 1.42529e-308
204
6.89823e-310 6.42356e-316 1.43224e-308
205
6.89823e-310 6.45474e-316 1.4392e-308
206
6.89823e-310 6.48592e-316 1.44615e-308
207
6.89823e-310 6.5171e-316 1.4531e-308
208
6.89823e-310 6.54829e-316 1.46005e-308
209
6.89823e-310 6.57947e-316 1.46701e-308
210
6.89823e-310 6.61065e-316 1.47396e-308
211
6.89823e-310 6.64183e-316 1.48091e-308
212
6.89823e-310 6.67301e-316 1.48786e-308
213
6.89823e-310 6.7042e-316 1.49482e-308
214
6.89823e-310 6.73538e-316 1.50177e-308
215
6.89823e-310 6.76656e-316 1.50872e-308
216
6.89823e-310 6.79774e-316 1.51567e-308
217
6.89823e-310 6.82893e-316 1.52263e-308
218
6.89823e-310 6.86011e-316 1.52958e-308
219
6.89823e-310 6.89129e-316 1.53653e-308
220
6.89823e-310 6.92247e-316 1.54348e-308
221
6.89823e-310 6.95366e-316 1.55044e-308
222
6.89823e-310 6.98484e-316 1.55739e-308
223
6.89823e-310 7.01602e-316 1.56434e-308
224
6.89823e-310 7.0472e-316 1.5713e-308
225
6.89823e-310 7.07838e-316 1.57825e-308
226
6.89823e-310 7.10957e-316 1.5852e-308
227
6.89823e-310 7.14075e-316 1.59215e-308
228
6.89823e-310 7.17193e-316 1.59911e-308
229
6.89823e-310 7.20311e-316 1.60606e-308
230
6.89823e-310 7.2343e-316 1.61301e-308
231
6.89823e-310 7.26548e-316 1.61996e-308
232
6.89823e-310 7.29666e-316 1.62692e-308
233
6.89823e-310 7.32784e-316 1.63387e-308
234
6.89823e-310 7.35903e-316 1.64082e-308
235
6.89823e-310 7.39021e-316 1.64777e-308
236
6.89823e-310 7.42139e-316 1.65473e-308
237
6.89823e-310 7.45257e-316 1.66168e-308
238
6.89823e-310 7.48375e-316 1.66863e-308
239
6.89823e-310 7.51494e-316 1.67558e-308
240
6.89823e-310 7.54612e-316 1.68254e-308
241
6.89823e-310 7.5773e-316 1.68949e-308
242
6.89823e-310 7.60848e-316 1.69644e-308
243
6.89823e-310 7.63967e-316 1.7034e-308
244
6.89823e-310 7.67085e-316 1.71035e-308
245
6.89823e-310 7.70203e-316 1.7173e-308
246
6.89823e-310 7.73321e-316 1.72425e-308
247
6.89823e-310 7.7644e-316 1.73121e-308
248
6.89823e-310 7.79558e-316 1.73816e-308
249
6.89823e-310 7.82676e-316 1.74511e-308
250
6.89823e-310 7.85794e-316 1.75206e-308
251
6.89823e-310 7.88912e-316 1.75902e-308
252
6.89823e-310 7.92031e-316 1.76597e-308
253
6.89823e-310 7.95149e-316 1.77292e-308
254
6.89823e-310 7.98267e-316 1.77987e-308
255
6.89823e-310 8.01385e-316 1.78683e-308
256
6.89823e-310 8.04504e-316 1.79378e-308
257
6.89823e-310 8.07622e-316 1.80073e-308
258
6.89823e-310 8.1074e-316 1.80768e-308
259
6.89823e-310 8.13858e-316 1.81464e-308
260
6.89823e-310 8.16977e-316 1.82159e-308
261
6.89823e-310 8.20095e-316 1.82854e-308
262
6.89823e-310 8.23213e-316 1.8355e-308
263
6.89823e-310 8.26331e-316 1.84245e-308
264
6.89823e-310 8.2945e-316 1.8494e-308
265
6.89824e-310 8.32568e-316 1.85635e-308
266
6.89824e-310 8.35686e-316 1.86331e-308
267
6.89824e-310 8.38804e-316 1.87026e-308
268
6.89824e-310 8.41922e-316 1.87721e-308
269
6.89824e-310 8.45041e-316 1.88416e-308
270
6.89824e-310 8.48159e-316 1.89112e-308
271
6.89824e-310 8.51277e-316 1.89807e-308
272
6.89824e-310 8.54395e-316 1.90502e-308
273
6.89824e-310 8.57514e-316 1.91197e-308
274
6.89824e-310 8.60632e-316 1.91893e-308
275
6.89824e-310 8.6375e-316 1.92588e-308
276
6.89824e-310 8.66868e-316 1.93283e-308
277
6.89824e-310 8.69987e-316 1.93978e-308
278
6.89824e-310 8.73105e-316 1.94674e-308
279
6.89824e-310 8.76223e-316 1.95369e-308
280
6.89824e-310 8.79341e-316 1.96064e-308
281
6.89824e-310 8.82459e-316 1.9676e-308
282
6.89824e-310 8.85578e-316 1.97455e-308
283
6.89824e-310 8.88696e-316 1.9815e-308
284
6.89824e-310 8.91814e-316 1.98845e-308
285
6.89824e-310 8.94932e-316 1.99541e-308
286
6.89824e-310 8.98051e-316 2.00236e-308
287
6.89824e-310 9.01169e-316 2.00931e-308
288
6.89824e-310 9.04287e-316 2.01626e-308
289
6.89824e-310 9.07405e-316 2.02322e-308
290
6.89824e-310 9.10524e-316 2.03017e-308
291
6.89824e-310 9.13642e-316 2.03712e-308
292
6.89824e-310 9.1676e-316 2.04407e-308
293
6.89824e-310 9.19878e-316 2.05103e-308
294
6.89824e-310 9.22996e-316 2.05798e-308
295
6.89824e-310 9.26115e-316 2.06493e-308
296
6.89824e-310 9.29233e-316 2.07188e-308
297
6.89824e-310 9.32351e-316 2.07884e-308
298
6.89824e-310 9.35469e-316 2.08579e-308
299
6.89824e-310 9.38588e-316 2.09274e-308
300
6.89824e-310 9.41706e-316 2.0997e-308
301
6.89824e-310 9.44824e-316 2.10665e-308
302
6.89824e-310 9.47942e-316 2.1136e-308
303
6.89824e-310 9.51061e-316 2.12055e-308
304
6.89824e-310 9.54179e-316 2.12751e-308
305
6.89824e-310 9.57297e-316 2.13446e-308
306
6.89824e-310 9.60415e-316 2.14141e-308
307
6.89824e-310 9.63533e-316 2.14836e-308
308
6.89824e-310 9.66652e-316 2.15532e-308
309
6.89824e-310 9.6977e-316 2.16227e-308
310
6.89824e-310 9.72888e-316 2.16922e-308
311
6.89824e-310 9.76006e-316 2.17617e-308
312
6.89824e-310 9.79125e-316 2.18313e-308
313
6.89824e-310 9.82243e-316 2.19008e-308
314
6.89824e-310 9.85361e-316 2.19703e-308
315
6.89824e-310 9.88479e-316 2.20398e-308
316
6.89824e-310 9.91598e-316 2.21094e-308
317
6.89824e-310 9.94716e-316 2.21789e-308
318
6.89824e-310 9.97834e-316 2.22484e-308
319
6.89824e-310 1.00095e-315 2.2318e-308
320
6.89824e-310 1.00407e-315 2.23875e-308
321
6.89824e-310 1.00719e-315 2.2457e-308
322
6.89824e-310 1.01031e-315 2.25265e-308
323
6.89824e-310 1.01343e-315 2.25961e-308
324
6.89824e-310 1.01654e-315 2.26656e-308
325
6.89824e-310 1.01966e-315 2.27351e-308
326
6.89824e-310 1.02278e-315 2.28046e-308
327
6.89824e-310 1.0259e-315 2.28742e-308
328
6.89824e-310 1.02902e-315 2.29437e-308
329
6.89824e-310 1.03213e-315 2.30132e-308
330
6.89824e-310 1.03525e-315 2.30827e-308
331
6.89824e-310 1.03837e-315 2.31523e-308
332
6.89824e-310 1.04149e-315 2.32218e-308
333
6.89824e-310 1.04461e-315 2.32913e-308
334
6.89824e-310 1.04773e-315 2.33608e-308
335
6.89824e-310 1.05084e-315 2.34304e-308
336
6.89824e-310 1.05396e-315 2.34999e-308
337
6.89824e-310 1.05708e-315 2.35694e-308
338
6.89824e-310 1.0602e-315 2.3639e-308
339
6.89824e-310 1.06332e-315 2.37085e-308
340
6.89824e-310 1.06644e-315 2.3778e-308
341
6.89824e-310 1.06955e-315 2.38475e-308
342
6.89824e-310 1.07267e-315 2.39171e-308
343
6.89824e-310 1.07579e-315 2.39866e-308
344
6.89824e-310 1.07891e-315 2.40561e-308
345
6.89824e-310 1.08203e-315 2.41256e-308
346
6.89824e-310 1.08514e-315 2.41952e-308
347
6.89824e-310 1.08826e-315 2.42647e-308
348
6.89824e-310 1.09138e-315 2.43342e-308
349
6.89824e-310 1.0945e-315 2.44037e-308
350
6.89824e-310 1.09762e-315 2.44733e-308
351
6.89824e-310 1.10074e-315 2.45428e-308
352
6.89824e-310 1.10385e-315 2.46123e-308
353
6.89824e-310 1.10697e-315 2.46818e-308
354
6.89824e-310 1.11009e-315 2.47514e-308
355
6.89824e-310 1.11321e-315 2.48209e-308
356
6.89824e-310 1.11633e-315 2.48904e-308
357
6.89824e-310 1.11944e-315 2.496e-308
358
6.89824e-310 1.12256e-315 2.50295e-308
359
6.89824e-310 1.12568e-315 2.5099e-308
360
6.89824e-310 1.1288e-315 2.51685e-308
361
6.89824e-310 1.13192e-315 2.52381e-308
362
6.89824e-310 1.13504e-315 2.53076e-308
363
6.89824e-310 1.13815e-315 2.53771e-308
364
6.89824e-310 1.14127e-315 2.54466e-308
365
6.89824e-310 1.14439e-315 2.55162e-308
366
6.89824e-310 1.14751e-315 2.55857e-308
367
6.89824e-310 1.15063e-315 2.56552e-308
368
6.89824e-310 1.15375e-315 2.57247e-308
369
6.89824e-310 1.15686e-315 2.57943e-308
370
6.89824e-310 1.15998e-315 2.58638e-308
371
6.89824e-310 1.1631e-315 2.59333e-308
372
6.89824e-310 1.16622e-315 2.60028e-308
373
6.89824e-310 1.16934e-315 2.60724e-308
374
6.89824e-310 1.17245e-315 2.61419e-308
375
6.89824e-310 1.17557e-315 2.62114e-308
376
6.89824e-310 1.17869e-315 2.6281e-308
377
6.89824e-310 1.18181e-315 2.63505e-308
378
6.89824e-310 1.18493e-315 2.642e-308
379
6.89824e-310 1.18805e-315 2.64895e-308
380
6.89824e-310 1.19116e-315 2.65591e-308
381
6.89824e-310 1.19428e-315 2.66286e-308
382
6.89824e-310 1.1974e-315 2.66981e-308
383
6.89824e-310 1.20052e-315 2.67676e-308
384
6.89824e-310 1.20364e-315 2.68372e-308
385
6.89824e-310 1.20676e-315 2.69067e-308
386
6.89824e-310 1.20987e-315 2.69762e-308
387
6.89824e-310 1.21299e-315 2.70457e-308
388
6.89824e-310 1.21611e-315 2.71153e-308
389
6.89824e-310 1.21923e-315 2.71848e-308
390
6.89824e-310 1.22235e-315 2.72543e-308
391
6.89824e-310 1.22546e-315 2.73238e-308
392
6.89824e-310 1.22858e-315 2.73934e-308
393
6.89824e-310 1.2317e-315 2.74629e-308
394
6.89824e-310 1.23482e-315 2.75324e-308
395
6.89824e-310 1.23794e-315 2.7602e-308
396
6.89824e-310 1.24106e-315 2.76715e-308
397
6.89824e-310 1.24417e-315 2.7741e-308
398
6.89824e-310 1.24729e-315 2.78105e-308
399
6.89824e-310 1.25041e-315 2.78801e-308
400
6.89824e-310 1.25353e-315 2.79496e-308
401
6.89824e-310 1.25665e-315 2.80191e-308
402
6.89824e-310 1.25977e-315 2.80886e-308
403
6.89824e-310 1.26288e-315 2.81582e-308
404
6.89824e-310 1.266e-315 2.82277e-308
405
6.89824e-310 1.26912e-315 2.82972e-308
406
6.89824e-310 1.27224e-315 2.83667e-308
407
6.89824e-310 1.27536e-315 2.84363e-308
408
6.89824e-310 1.27847e-315 2.85058e-308
409
6.89824e-310 1.28159e-315 2.85753e-308
410
6.89824e-310 1.28471e-315 2.86448e-308
411
6.89824e-310 1.28783e-315 2.87144e-308
412
6.89824e-310 1.29095e-315 2.87839e-308
413
6.89824e-310 1.29407e-315 2.88534e-308
414
6.89824e-310 1.29718e-315 2.8923e-308
415
6.89824e-310 1.3003e-315 2.89925e-308
416
6.89824e-310 1.30342e-315 2.9062e-308
417
6.89824e-310 1.30654e-315 2.91315e-308
418
6.89824e-310 1.30966e-315 2.92011e-308
419
6.89824e-310 1.31278e-315 2.92706e-308
420
6.89824e-310 1.31589e-315 2.93401e-308
421
6.89824e-310 1.31901e-315 2.94096e-308
422
6.89824e-310 1.32213e-315 2.94792e-308
423
6.89824e-310 1.32525e-315 2.95487e-308
424
6.89824e-310 1.32837e-315 2.96182e-308
425
6.89824e-310 1.33148e-315 2.96877e-308
426
6.89824e-310 1.3346e-315 2.97573e-308
427
6.89824e-310 1.33772e-315 2.98268e-308
428
6.89824e-310 1.34084e-315 2.98963e-308
429
6.89824e-310 1.34396e-315 2.99658e-308
430
6.89824e-310 1.34708e-315 3.00354e-308
431
6.89824e-310 1.35019e-315 3.01049e-308
432
6.89824e-310 1.35331e-315 3.01744e-308
433
6.89824e-310 1.35643e-315 3.0244e-308
434
6.89824e-310 1.35955e-315 3.03135e-308
435
6.89824e-310 1.36267e-315 3.0383e-308
436
6.89824e-310 1.36579e-315 3.04525e-308
437
6.89824e-310 1.3689e-315 3.05221e-308
438
6.89824e-310 1.37202e-315 3.05916e-308
439
6.89824e-310 1.37514e-315 3.06611e-308
440
6.89824e-310 1.37826e-315 3.07306e-308
441
6.89824e-310 1.38138e-315 3.08002e-308
442
6.89824e-310 1.38449e-315 3.08697e-308
443
6.89824e-310 1.38761e-315 3.09392e-308
444
6.89824e-310 1.39073e-315 3.10087e-308
445
6.89824e-310 1.39385e-315 3.10783e-308
446
6.89824e-310 1.39697e-315 3.11478e-308
447
6.89824e-310 1.40009e-315 3.12173e-308
448
6.89824e-310 1.4032e-315 3.12868e-308
449
6.89824e-310 1.40632e-315 3.13564e-308
450
6.89824e-310 1.40944e-315 3.14259e-308
451
6.89824e-310 1.41256e-315 3.14954e-308
452
6.89824e-310 1.41568e-315 3.1565e-308
453
6.89824e-310 1.4188e-315 3.16345e-308
454
6.89824e-310 1.42191e-315 3.1704e-308
455
6.89824e-310 1.42503e-315 3.17735e-308
456
6.89824e-310 1.42815e-315 3.18431e-308
457
6.89824e-310 1.43127e-315 3.19126e-308
458
6.89824e-310 1.43439e-315 3.19821e-308
459
6.89824e-310 1.4375e-315 3.20516e-308
460
6.89824e-310 1.44062e-315 3.21212e-308
461
6.89824e-310 1.44374e-315 3.21907e-308
462
6.89824e-310 1.44686e-315 3.22602e-308
463
6.89824e-310 1.44998e-315 3.23297e-308
464
6.89824e-310 1.4531e-315 3.23993e-308
465
6.89824e-310 1.45621e-315 3.24688e-308
466
6.89824e-310 1.45933e-315 3.25383e-308
467
6.89824e-310 1.46245e-315 3.26078e-308
468
6.89824e-310 1.46557e-315 3.26774e-308
469
6.89824e-310 1.46869e-315 3.27469e-308
470
6.89824e-310 1.47181e-315 3.28164e-308
471
6.89824e-310 1.47492e-315 3.2886e-308
472
6.89824e-310 1.47804e-315 3.29555e-308
473
6.89824e-310 1.48116e-315 3.3025e-308
474
6.89824e-310 1.48428e-315 3.30945e-308
475
6.89824e-310 1.4874e-315 3.31641e-308
476
6.89824e-310 1.49051e-315 3.32336e-308
477
6.89824e-310 1.49363e-315 3.33031e-308
478
6.89824e-310 1.49675e-315 3.33726e-308
479
6.89824e-310 1.49987e-315 3.34422e-308
480
6.89824e-310 1.50299e-315 3.35117e-308
481
6.89824e-310 1.50611e-315 3.35812e-308
482
6.89824e-310 1.50922e-315 3.36507e-308
483
6.89824e-310 1.51234e-315 3.37203e-308
484
6.89824e-310 1.51546e-315 3.37898e-308
485
6.89824e-310 1.51858e-315 3.38593e-308
486
6.89824e-310 1.5217e-315 3.39289e-308
487
6.89824e-310 1.52482e-315 3.39984e-308
488
6.89824e-310 1.52793e-315 3.40679e-308
489
6.89824e-310 1.53105e-315 3.41374e-308
490
6.89824e-310 1.53417e-315 3.4207e-308
491
6.89824e-310 1.53729e-315 3.42765e-308
492
6.89824e-310 1.54041e-315 3.4346e-308
493
6.89824e-310 1.54352e-315 3.44155e-308
494
6.89824e-310 1.54664e-315 3.44851e-308
495
6.89824e-310 1.54976e-315 3.45546e-308
496
6.89824e-310 1.55288e-315 3.46241e-308
497
6.89824e-310 1.556e-315 3.46936e-308
498
6.89824e-310 1.55912e-315 3.47632e-308
499
6.89824e-310 1.56223e-315 3.48327e-308
500
6.89824e-310 1.56535e-315 3.49022e-308
501
6.89824e-310 1.56847e-315 3.49717e-308
502
6.89824e-310 1.57159e-315 3.50413e-308
503
6.89824e-310 1.57471e-315 3.51108e-308
504
6.89824e-310 1.57782e-315 3.51803e-308
505
6.89824e-310 1.58094e-315 3.52499e-308
506
6.89824e-310 1.58406e-315 3.53194e-308
507
6.89824e-310 1.58718e-315 3.53889e-308
508
6.89824e-310 1.5903e-315 3.54584e-308
509
6.89824e-310 1.59342e-315 3.5528e-308
510
6.89824e-310 1.59653e-315 3.55975e-308
511
6.89824e-310 1.59965e-315 3.5667e-308
512
6.89824e-310 1.60277e-315 3.57365e-308
513
6.89824e-310 1.60589e-315 3.58061e-308
514
6.89824e-310 1.60901e-315 3.58756e-308
515
6.89824e-310 1.61213e-315 3.59451e-308
516
6.89824e-310 1.61524e-315 3.60146e-308
517
6.89824e-310 1.61836e-315 3.60842e-308
518
6.89824e-310 1.62148e-315 3.61537e-308
519
6.89824e-310 1.6246e-315 3.62232e-308
520
6.89824e-310 1.62772e-315 3.62927e-308
521
6.89824e-310 1.63083e-315 3.63623e-308
522
6.89824e-310 1.63395e-315 3.64318e-308
523
6.89824e-310 1.63707e-315 3.65013e-308
524
6.89824e-310 1.64019e-315 3.65709e-308
525
6.89824e-310 1.64331e-315 3.66404e-308
526
6.89824e-310 1.64643e-315 3.67099e-308
527
6.89824e-310 1.64954e-315 3.67794e-308
528
6.89824e-310 1.65266e-315 3.6849e-308
529
6.89824e-310 1.65578e-315 3.69185e-308
530
6.89824e-310 1.6589e-315 3.6988e-308
531
6.89824e-310 1.66202e-315 3.70575e-308
532
6.89824e-310 1.66514e-315 3.71271e-308
533
6.89824e-310 1.66825e-315 3.71966e-308
534
6.89824e-310 1.67137e-315 3.72661e-308
535
6.89824e-310 1.67449e-315 3.73356e-308
536
6.89824e-310 1.67761e-315 3.74052e-308
537
6.89824e-310 1.68073e-315 3.74747e-308
538
6.89824e-310 1.68384e-315 3.75442e-308
539
6.89824e-310 1.68696e-315 3.76137e-308
540
6.89824e-310 1.69008e-315 3.76833e-308
541
6.89824e-310 1.6932e-315 3.77528e-308
542
6.89824e-310 1.69632e-315 3.78223e-308
543
6.89824e-310 1.69944e-315 3.78919e-308
544
6.89824e-310 1.70255e-315 3.79614e-308
545
6.89824e-310 1.70567e-315 3.80309e-308
546
6.89824e-310 1.70879e-315 3.81004e-308
547
6.89824e-310 1.71191e-315 3.817e-308
548
6.89824e-310 1.71503e-315 3.82395e-308
549
6.89824e-310 1.71815e-315 3.8309e-308
550
6.89824e-310 1.72126e-315 3.83785e-308
551
6.89824e-310 1.72438e-315 3.84481e-308
552
6.89824e-310 1.7275e-315 3.85176e-308
553
6.89824e-310 1.73062e-315 3.85871e-308
554
6.89824e-310 1.73374e-315 3.86566e-308
555
6.89824e-310 1.73685e-315 3.87262e-308
556
6.89824e-310 1.73997e-315 3.87957e-308
557
6.89824e-310 1.74309e-315 3.88652e-308
558
6.89824e-310 1.74621e-315 3.89347e-308
559
6.89824e-310 1.74933e-315 3.90043e-308
560
6.89824e-310 1.75245e-315 3.90738e-308
561
6.89824e-310 1.75556e-315 3.91433e-308
562
6.89824e-310 1.75868e-315 3.92129e-308
563
6.89824e-310 1.7618e-315 3.92824e-308
564
6.89824e-310 1.76492e-315 3.93519e-308
565
6.89824e-310 1.76804e-315 3.94214e-308
566
6.89824e-310 1.77116e-315 3.9491e-308
567
6.89824e-310 1.77427e-315 3.95605e-308
568
6.89824e-310 1.77739e-315 3.963e-308
569
6.89824e-310 1.78051e-315 3.96995e-308
570
6.89824e-310 1.78363e-315 3.97691e-308
571
6.89824e-310 1.78675e-315 3.98386e-308
572
6.89824e-310 1.78986e-315 3.99081e-308
573
6.89824e-310 1.79298e-315 3.99776e-308
574
6.89824e-310 1.7961e-315 4.00472e-308
575
6.89824e-310 1.79922e-315 4.01167e-308
576
6.89824e-310 1.80234e-315 4.01862e-308
577
6.89824e-310 1.80546e-315 4.02557e-308
578
6.89824e-310 1.80857e-315 4.03253e-308
579
6.89824e-310 1.81169e-315 4.03948e-308
580
6.89824e-310 1.81481e-315 4.04643e-308
581
6.89824e-310 1.81793e-315 4.05339e-308
582
6.89824e-310 1.82105e-315 4.06034e-308
583
6.89824e-310 1.82417e-315 4.06729e-308
584
6.89824e-310 1.82728e-315 4.07424e-308
585
6.89824e-310 1.8304e-315 4.0812e-308
586
6.89825e-310 1.83352e-315 4.08815e-308
587
6.89825e-310 1.83664e-315 4.0951e-308
588
6.89825e-310 1.83976e-315 4.10205e-308
589
6.89825e-310 1.84287e-315 4.10901e-308
590
6.89825e-310 1.84599e-315 4.11596e-308
591
6.89825e-310 1.84911e-315 4.12291e-308
592
6.89825e-310 1.85223e-315 4.12986e-308
593
6.89825e-310 1.85535e-315 4.13682e-308
594
6.89825e-310 1.85847e-315 4.14377e-308
595
6.89825e-310 1.86158e-315 4.15072e-308
596
6.89825e-310 1.8647e-315 4.15767e-308
597
6.89825e-310 1.86782e-315 4.16463e-308
598
6.89825e-310 1.87094e-315 4.17158e-308
599
6.89825e-310 1.87406e-315 4.17853e-308
600
6.89825e-310 1.87718e-315 4.18549e-308
601
6.89825e-310 1.88029e-315 4.19244e-308
602
6.89825e-310 1.88341e-315 4.19939e-308
603
6.89825e-310 1.88653e-315 4.20634e-308
604
6.89825e-310 1.88965e-315 4.2133e-308
605
6.89825e-310 1.89277e-315 4.22025e-308
606
6.89825e-310 1.89588e-315 4.2272e-308
607
6.89825e-310 1.899e-315 4.23415e-308
608
6.89825e-310 1.90212e-315 4.24111e-308
609
6.89825e-310 1.90524e-315 4.24806e-308
610
6.89825e-310 1.90836e-315 4.25501e-308
611
6.89825e-310 1.91148e-315 4.26196e-308
612
6.89825e-310 1.91459e-315 4.26892e-308
613
6.89825e-310 1.91771e-315 4.27587e-308
614
6.89825e-310 1.92083e-315 4.28282e-308
615
6.89825e-310 1.92395e-315 4.28977e-308
616
6.89825e-310 1.92707e-315 4.29673e-308
617
6.89825e-310 1.93019e-315 4.30368e-308
618
6.89825e-310 1.9333e-315 4.31063e-308
619
6.89825e-310 1.93642e-315 4.31759e-308
620
6.89825e-310 1.93954e-315 4.32454e-308
621
6.89825e-310 1.94266e-315 4.33149e-308
622
6.89825e-310 1.94578e-315 4.33844e-308
623
6.89825e-310 1.94889e-315 4.3454e-308
624
6.89825e-310 1.95201e-315 4.35235e-308
625
6.89825e-310 1.95513e-315 4.3593e-308
626
6.89825e-310 1.95825e-315 4.36625e-308
627
6.89825e-310 1.96137e-315 4.37321e-308
628
6.89825e-310 1.96449e-315 4.38016e-308
629
6.89825e-310 1.9676e-315 4.38711e-308
630
6.89825e-310 1.97072e-315 4.39406e-308
631
6.89825e-310 1.97384e-315 4.40102e-308
632
6.89825e-310 1.97696e-315 4.40797e-308
633
6.89825e-310 1.98008e-315 4.41492e-308
634
6.89825e-310 1.9832e-315 4.42187e-308
635
6.89825e-310 1.98631e-315 4.42883e-308
636
6.89825e-310 1.98943e-315 4.43578e-308
637
6.89825e-310 1.99255e-315 4.44273e-308
638
6.89825e-310 1.99567e-315 4.44969e-308
639
6.89825e-310 1.99879e-315 4.45664e-308
640
6.89825e-310 2.0019e-315 4.46359e-308
641
6.89825e-310 2.00502e-315 4.47054e-308
642
6.89825e-310 2.00814e-315 4.4775e-308
643
6.89825e-310 2.01126e-315 4.48445e-308
644
6.89825e-310 2.01438e-315 4.4914e-308
645
6.89825e-310 2.0175e-315 4.49835e-308
646
6.89825e-310 2.02061e-315 4.50531e-308
647
6.89825e-310 2.02373e-315 4.51226e-308
648
6.89825e-310 2.02685e-315 4.51921e-308
649
6.89825e-310 2.02997e-315 4.52616e-308
650
6.89825e-310 2.03309e-315 4.53312e-308
651
6.89825e-310 2.0362e-315 4.54007e-308
652
6.89825e-310 2.03932e-315 4.54702e-308
653
6.89825e-310 2.04244e-315 4.55397e-308
654
6.89825e-310 2.04556e-315 4.56093e-308
655
6.89825e-310 2.04868e-315 4.56788e-308
656
6.89825e-310 2.0518e-315 4.57483e-308
657
6.89825e-310 2.05491e-315 4.58179e-308
658
6.89825e-310 2.05803e-315 4.58874e-308
659
6.89825e-310 2.06115e-315 4.59569e-308
660
6.89825e-310 2.06427e-315 4.60264e-308
661
6.89825e-310 2.06739e-315 4.6096e-308
662
6.89825e-310 2.07051e-315 4.61655e-308
663
6.89825e-310 2.07362e-315 4.6235e-308
664
6.89825e-310 2.07674e-315 4.63045e-308
665
6.89825e-310 2.07986e-315 4.63741e-308
666
6.89825e-310 2.08298e-315 4.64436e-308
667
6.89825e-310 2.0861e-315 4.65131e-308
668
6.89825e-310 2.08921e-315 4.65826e-308
669
6.89825e-310 2.09233e-315 4.66522e-308
670
6.89825e-310 2.09545e-315 4.67217e-308
671
6.89825e-310 2.09857e-315 4.67912e-308
672
6.89825e-310 2.10169e-315 4.68607e-308
673
6.89825e-310 2.10481e-315 4.69303e-308
674
6.89825e-310 2.10792e-315 4.69998e-308
675
6.89825e-310 2.11104e-315 4.70693e-308
676
6.89825e-310 2.11416e-315 4.71389e-308
677
6.89825e-310 2.11728e-315 4.72084e-308
678
6.89825e-310 2.1204e-315 4.72779e-308
679
6.89825e-310 2.12352e-315 4.73474e-308
680
6.89825e-310 2.12663e-315 4.7417e-308
681
6.89825e-310 2.12975e-315 4.74865e-308
682
6.89825e-310 2.13287e-315 4.7556e-308
683
6.89825e-310 2.13599e-315 4.76255e-308
684
6.89825e-310 2.13911e-315 4.76951e-308
685
6.89825e-310 2.14222e-315 4.77646e-308
686
6.89825e-310 2.14534e-315 4.78341e-308
687
6.89825e-310 2.14846e-315 4.79036e-308
688
6.89825e-310 2.15158e-315 4.79732e-308
689
6.89825e-310 2.1547e-315 4.80427e-308
690
6.89825e-310 2.15782e-315 4.81122e-308
691
6.89825e-310 2.16093e-315 4.81817e-308
692
6.89825e-310 2.16405e-315 4.82513e-308
693
6.89825e-310 2.16717e-315 4.83208e-308
694
6.89825e-310 2.17029e-315 4.83903e-308
695
6.89825e-310 2.17341e-315 4.84599e-308
696
6.89825e-310 2.17653e-315 4.85294e-308
697
6.89825e-310 2.17964e-315 4.85989e-308
698
6.89825e-310 2.18276e-315 4.86684e-308
699
6.89825e-310 2.18588e-315 4.8738e-308
700
6.89825e-310 2.189e-315 4.88075e-308
701
6.89825e-310 2.19212e-315 4.8877e-308
702
6.89825e-310 2.19523e-315 4.89465e-308
703
6.89825e-310 2.19835e-315 4.90161e-308
704
6.89825e-310 2.20147e-315 4.90856e-308
705
6.89825e-310 2.20459e-315 4.91551e-308
706
6.89825e-310 2.20771e-315 4.92246e-308
707
6.89825e-310 2.21083e-315 4.92942e-308
708
6.89825e-310 2.21394e-315 4.93637e-308
709
6.89825e-310 2.21706e-315 4.94332e-308
710
6.89825e-310 2.22018e-315 4.95027e-308
711
6.89825e-310 2.2233e-315 4.95723e-308
712
6.89825e-310 2.22642e-315 4.96418e-308
713
6.89825e-310 2.22954e-315 4.97113e-308
714
6.89825e-310 2.23265e-315 4.97809e-308
715
6.89825e-310 2.23577e-315 4.98504e-308
716
6.89825e-310 2.23889e-315 4.99199e-308
717
6.89825e-310 2.24201e-315 4.99894e-308
718
6.89825e-310 2.24513e-315 5.0059e-308
719
6.89825e-310 2.24824e-315 5.01285e-308
720
6.89825e-310 2.25136e-315 5.0198e-308
721
6.89825e-310 2.25448e-315 5.02675e-308
722
6.89825e-310 2.2576e-315 5.03371e-308
723
6.89825e-310 2.26072e-315 5.04066e-308
724
6.89825e-310 2.26384e-315 5.04761e-308
725
6.89825e-310 2.26695e-315 5.05456e-308
726
6.89825e-310 2.27007e-315 5.06152e-308
727
6.89825e-310 2.27319e-315 5.06847e-308
728
6.89825e-310 2.27631e-315 5.07542e-308
729
6.89825e-310 2.27943e-315 5.08237e-308
730
6.89825e-310 2.28255e-315 5.08933e-308
731
6.89825e-310 2.28566e-315 5.09628e-308
732
6.89825e-310 2.28878e-315 5.10323e-308
733
6.89825e-310 2.2919e-315 5.11019e-308
734
6.89825e-310 2.29502e-315 5.11714e-308
735
6.89825e-310 2.29814e-315 5.12409e-308
736
6.89825e-310 2.30125e-315 5.13104e-308
737
6.89825e-310 2.30437e-315 5.138e-308
738
6.89825e-310 2.30749e-315 5.14495e-308
739
6.89825e-310 2.31061e-315 5.1519e-308
740
6.89825e-310 2.31373e-315 5.15885e-308
741
6.89825e-310 2.31685e-315 5.16581e-308
742
6.89825e-310 2.31996e-315 5.17276e-308
743
6.89825e-310 2.32308e-315 5.17971e-308
744
6.89825e-310 2.3262e-315 5.18666e-308
745
6.89825e-310 2.32932e-315 5.19362e-308
746
6.89825e-310 2.33244e-315 5.20057e-308
747
6.89825e-310 2.33556e-315 5.20752e-308
748
6.89825e-310 2.33867e-315 5.21447e-308
749
6.89825e-310 2.34179e-315 5.22143e-308
750
6.89825e-310 2.34491e-315 5.22838e-308
751
6.89825e-310 2.34803e-315 5.23533e-308
752
6.89825e-310 2.35115e-315 5.24229e-308
753
6.89825e-310 2.35426e-315 5.24924e-308
754
6.89825e-310 2.35738e-315 5.25619e-308
755
6.89825e-310 2.3605e-315 5.26314e-308
756
6.89825e-310 2.36362e-315 5.2701e-308
757
6.89825e-310 2.36674e-315 5.27705e-308
758
6.89825e-310 2.36986e-315 5.284e-308
759
6.89825e-310 2.37297e-315 5.29095e-308
760
6.89825e-310 2.37609e-315 5.29791e-308
761
6.89825e-310 2.37921e-315 5.30486e-308
762
6.89825e-310 2.38233e-315 5.31181e-308
763
6.89825e-310 2.38545e-315 5.31876e-308
764
6.89825e-310 2.38857e-315 5.32572e-308
765
6.89825e-310 2.39168e-315 5.33267e-308
766
6.89825e-310 2.3948e-315 5.33962e-308
767
6.89825e-310 2.39792e-315 5.34657e-308
768
6.89825e-310 2.40104e-315 5.35353e-308
769
6.89825e-310 2.40416e-315 5.36048e-308
770
6.89825e-310 2.40727e-315 5.36743e-308
771
6.89825e-310 2.41039e-315 5.37439e-308
772
6.89825e-310 2.41351e-315 5.38134e-308
773
6.89825e-310 2.41663e-315 5.38829e-308
774
6.89825e-310 2.41975e-315 5.39524e-308
775
6.89825e-310 2.42287e-315 5.4022e-308
776
6.89825e-310 2.42598e-315 5.40915e-308
777
6.89825e-310 2.4291e-315 5.4161e-308
778
6.89825e-310 2.43222e-315 5.42305e-308
779
6.89825e-310 2.43534e-315 5.43001e-308
780
6.89825e-310 2.43846e-315 5.43696e-308
781
6.89825e-310 2.44157e-315 5.44391e-308
782
6.89825e-310 2.44469e-315 5.45086e-308
783
6.89825e-310 2.44781e-315 5.45782e-308
784
6.89825e-310 2.45093e-315 5.46477e-308
785
6.89825e-310 2.45405e-315 5.47172e-308
786
6.89825e-310 2.45717e-315 5.47867e-308
787
6.89825e-310 2.46028e-315 5.48563e-308
788
6.89825e-310 2.4634e-315 5.49258e-308
789
6.89825e-310 2.46652e-315 5.49953e-308
790
6.89825e-310 2.46964e-315 5.50649e-308
791
6.89825e-310 2.47276e-315 5.51344e-308
792
6.89825e-310 2.47588e-315 5.52039e-308
793
6.89825e-310 2.47899e-315 5.52734e-308
794
6.89825e-310 2.48211e-315 5.5343e-308
795
6.89825e-310 2.48523e-315 5.54125e-308
796
6.89825e-310 2.48835e-315 5.5482e-308
797
6.89825e-310 2.49147e-315 5.55515e-308
798
6.89825e-310 2.49458e-315 5.56211e-308
799
6.89825e-310 2.4977e-315 5.56906e-308
800
6.89825e-310 2.50082e-315 5.57601e-308
801
6.89825e-310 2.50394e-315 5.58296e-308
802
6.89825e-310 2.50706e-315 5.58992e-308
803
6.89825e-310 2.51018e-315 5.59687e-308
804
6.89825e-310 2.51329e-315 5.60382e-308
805
6.89825e-310 2.51641e-315 5.61078e-308
806
6.89825e-310 2.51953e-315 5.61773e-308
807
6.89825e-310 2.52265e-315 5.62468e-308
808
6.89825e-310 2.52577e-315 5.63163e-308
809
6.89825e-310 2.52889e-315 5.63859e-308
810
6.89825e-310 2.532e-315 5.64554e-308
811
6.89825e-310 2.53512e-315 5.65249e-308
812
6.89825e-310 2.53824e-315 5.65944e-308
813
6.89825e-310 2.54136e-315 5.6664e-308
814
6.89825e-310 2.54448e-315 5.67335e-308
815
6.89825e-310 2.54759e-315 5.6803e-308
816
6.89825e-310 2.55071e-315 5.68725e-308
817
6.89825e-310 2.55383e-315 5.69421e-308
818
6.89825e-310 2.55695e-315 5.70116e-308
819
6.89825e-310 2.56007e-315 5.70811e-308
820
6.89825e-310 2.56319e-315 5.71506e-308
821
6.89825e-310 2.5663e-315 5.72202e-308
822
6.89825e-310 2.56942e-315 5.72897e-308
823
6.89825e-310 2.57254e-315 5.73592e-308
824
6.89825e-310 2.57566e-315 5.74288e-308
825
6.89825e-310 2.57878e-315 5.74983e-308
826
6.89825e-310 2.5819e-315 5.75678e-308
827
6.89825e-310 2.58501e-315 5.76373e-308
828
6.89825e-310 2.58813e-315 5.77069e-308
829
6.89825e-310 2.59125e-315 5.77764e-308
830
6.89825e-310 2.59437e-315 5.78459e-308
831
6.89825e-310 2.59749e-315 5.79154e-308
832
6.89825e-310 2.6006e-315 5.7985e-308
833
6.89825e-310 2.60372e-315 5.80545e-308
834
6.89825e-310 2.60684e-315 5.8124e-308
835
6.89825e-310 2.60996e-315 5.81935e-308
836
6.89825e-310 2.61308e-315 5.82631e-308
837
6.89825e-310 2.6162e-315 5.83326e-308
838
6.89825e-310 2.61931e-315 5.84021e-308
839
6.89825e-310 2.62243e-315 5.84716e-308
840
6.89825e-310 2.62555e-315 5.85412e-308
841
6.89825e-310 2.62867e-315 5.86107e-308
842
6.89825e-310 2.63179e-315 5.86802e-308
843
6.89825e-310 2.63491e-315 5.87498e-308
844
6.89825e-310 2.63802e-315 5.88193e-308
845
6.89825e-310 2.64114e-315 5.88888e-308
846
6.89825e-310 2.64426e-315 5.89583e-308
847
6.89825e-310 2.64738e-315 5.90279e-308
848
6.89825e-310 2.6505e-315 5.90974e-308
849
6.89825e-310 2.65361e-315 5.91669e-308
850
6.89825e-310 2.65673e-315 5.92364e-308
851
6.89825e-310 2.65985e-315 5.9306e-308
852
6.89825e-310 2.66297e-315 5.93755e-308
853
6.89825e-310 2.66609e-315 5.9445e-308
854
6.89825e-310 2.66921e-315 5.95145e-308
855
6.89825e-310 2.67232e-315 5.95841e-308
856
6.89825e-310 2.67544e-315 5.96536e-308
857
6.89825e-310 2.67856e-315 5.97231e-308
858
6.89825e-310 2.68168e-315 5.97926e-308
859
6.89825e-310 2.6848e-315 5.98622e-308
860
6.89825e-310 2.68792e-315 5.99317e-308
861
6.89825e-310 2.69103e-315 6.00012e-308
862
6.89825e-310 2.69415e-315 6.00708e-308
863
6.89825e-310 2.69727e-315 6.01403e-308
864
6.89825e-310 2.70039e-315 6.02098e-308
865
6.89825e-310 2.70351e-315 6.02793e-308
866
6.89825e-310 2.70662e-315 6.03489e-308
867
6.89825e-310 2.70974e-315 6.04184e-308
868
6.89825e-310 2.71286e-315 6.04879e-308
869
6.89825e-310 2.71598e-315 6.05574e-308
870
6.89825e-310 2.7191e-315 6.0627e-308
871
6.89825e-310 2.72222e-315 6.06965e-308
872
6.89825e-310 2.72533e-315 6.0766e-308
873
6.89825e-310 2.72845e-315 6.08355e-308
874
6.89825e-310 2.73157e-315 6.09051e-308
875
6.89825e-310 2.73469e-315 6.09746e-308
876
6.89825e-310 2.73781e-315 6.10441e-308
877
6.89825e-310 2.74093e-315 6.11136e-308
878
6.89825e-310 2.74404e-315 6.11832e-308
879
6.89825e-310 2.74716e-315 6.12527e-308
880
6.89825e-310 2.75028e-315 6.13222e-308
881
6.89825e-310 2.7534e-315 6.13918e-308
882
6.89825e-310 2.75652e-315 6.14613e-308
883
6.89825e-310 2.75963e-315 6.15308e-308
884
6.89825e-310 2.76275e-315 6.16003e-308
885
6.89825e-310 2.76587e-315 6.16699e-308
886
6.89825e-310 2.76899e-315 6.17394e-308
887
6.89825e-310 2.77211e-315 6.18089e-308
888
6.89825e-310 2.77523e-315 6.18784e-308
889
6.89825e-310 2.77834e-315 6.1948e-308
890
6.89825e-310 2.78146e-315 6.20175e-308
891
6.89825e-310 2.78458e-315 6.2087e-308
892
6.89825e-310 2.7877e-315 6.21565e-308
893
6.89825e-310 2.79082e-315 6.22261e-308
894
6.89825e-310 2.79394e-315 6.22956e-308
895
6.89825e-310 2.79705e-315 6.23651e-308
896
6.89825e-310 2.80017e-315 6.24346e-308
897
6.89825e-310 2.80329e-315 6.25042e-308
898
6.89825e-310 2.80641e-315 6.25737e-308
899
6.89825e-310 2.80953e-315 6.26432e-308
900
6.89825e-310 2.81264e-315 6.27128e-308
901
6.89825e-310 2.81576e-315 6.27823e-308
902
6.89825e-310 2.81888e-315 6.28518e-308
903
6.89825e-310 2.822e-315 6.29213e-308
904
6.89825e-310 2.82512e-315 6.29909e-308
905
6.89825e-310 2.82824e-315 6.30604e-308
906
6.89826e-310 2.83135e-315 6.31299e-308
907
6.89826e-310 2.83447e-315 6.31994e-308
908
6.89826e-310 2.83759e-315 6.3269e-308
909
6.89826e-310 2.84071e-315 6.33385e-308
910
6.89826e-310 2.84383e-315 6.3408e-308
911
6.89826e-310 2.84695e-315 6.34775e-308
912
6.89826e-310 2.85006e-315 6.35471e-308
913
6.89826e-310 2.85318e-315 6.36166e-308
914
6.89826e-310 2.8563e-315 6.36861e-308
915
6.89826e-310 2.85942e-315 6.37556e-308
916
6.89826e-310 2.86254e-315 6.38252e-308
917
6.89826e-310 2.86565e-315 6.38947e-308
918
6.89826e-310 2.86877e-315 6.39642e-308
919
6.89826e-310 2.87189e-315 6.40338e-308
920
6.89826e-310 2.87501e-315 6.41033e-308
921
6.89826e-310 2.87813e-315 6.41728e-308
922
6.89826e-310 2.88125e-315 6.42423e-308
923
6.89826e-310 2.88436e-315 6.43119e-308
924
6.89826e-310 2.88748e-315 6.43814e-308
925
6.89826e-310 2.8906e-315 6.44509e-308
926
6.89826e-310 2.89372e-315 6.45204e-308
927
6.89826e-310 2.89684e-315 6.459e-308
928
6.89826e-310 2.89995e-315 6.46595e-308
929
6.89826e-310 2.90307e-315 6.4729e-308
930
6.89826e-310 2.90619e-315 6.47985e-308
931
6.89826e-310 2.90931e-315 6.48681e-308
932
6.89826e-310 2.91243e-315 6.49376e-308
933
6.89826e-310 2.91555e-315 6.50071e-308
934
6.89826e-310 2.91866e-315 6.50766e-308
935
6.89826e-310 2.92178e-315 6.51462e-308
936
6.89826e-310 2.9249e-315 6.52157e-308
937
6.89826e-310 2.92802e-315 6.52852e-308
938
6.89826e-310 2.93114e-315 6.53548e-308
939
6.89826e-310 2.93426e-315 6.54243e-308
940
6.89826e-310 2.93737e-315 6.54938e-308
941
6.89826e-310 2.94049e-315 6.55633e-308
942
6.89826e-310 2.94361e-315 6.56329e-308
943
6.89826e-310 2.94673e-315 6.57024e-308
944
6.89826e-310 2.94985e-315 6.57719e-308
945
6.89826e-310 2.95296e-315 6.58414e-308
946
6.89826e-310 2.95608e-315 6.5911e-308
947
6.89826e-310 2.9592e-315 6.59805e-308
948
6.89826e-310 2.96232e-315 6.605e-308
949
6.89826e-310 2.96544e-315 6.61195e-308
950
6.89826e-310 2.96856e-315 6.61891e-308
951
6.89826e-310 2.97167e-315 6.62586e-308
952
6.89826e-310 2.97479e-315 6.63281e-308
953
6.89826e-310 2.97791e-315 6.63976e-308
954
6.89826e-310 2.98103e-315 6.64672e-308
955
6.89826e-310 2.98415e-315 6.65367e-308
956
6.89826e-310 2.98727e-315 6.66062e-308
957
6.89826e-310 2.99038e-315 6.66758e-308
958
6.89826e-310 2.9935e-315 6.67453e-308
959
6.89826e-310 2.99662e-315 6.68148e-308
960
6.89826e-310 2.99974e-315 6.68843e-308
961
6.89826e-310 3.00286e-315 6.69539e-308
962
6.89826e-310 3.00597e-315 6.70234e-308
963
6.89826e-310 3.00909e-315 6.70929e-308
964
6.89826e-310 3.01221e-315 6.71624e-308
965
6.89826e-310 3.01533e-315 6.7232e-308
966
6.89826e-310 3.01845e-315 6.73015e-308
967
6.89826e-310 3.02157e-315 6.7371e-308
968
6.89826e-310 3.02468e-315 6.74405e-308
969
6.89826e-310 3.0278e-315 6.75101e-308
970
6.89826e-310 3.03092e-315 6.75796e-308
971
6.89826e-310 3.03404e-315 6.76491e-308
972
6.89826e-310 3.03716e-315 6.77186e-308
973
6.89826e-310 3.04028e-315 6.77882e-308
974
6.89826e-310 3.04339e-315 6.78577e-308
975
6.89826e-310 3.04651e-315 6.79272e-308
976
6.89826e-310 3.04963e-315 6.79968e-308
977
6.89826e-310 3.05275e-315 6.80663e-308
978
6.89826e-310 3.05587e-315 6.81358e-308
979
6.89826e-310 3.05898e-315 6.82053e-308
980
6.89826e-310 3.0621e-315 6.82749e-308
981
6.89826e-310 3.06522e-315 6.83444e-308
982
6.89826e-310 3.06834e-315 6.84139e-308
983
6.89826e-310 3.07146e-315 6.84834e-308
984
6.89826e-310 3.07458e-315 6.8553e-308
985
6.89826e-310 3.07769e-315 6.86225e-308
986
6.89826e-310 3.08081e-315 6.8692e-308
987
6.89826e-310 3.08393e-315 6.87615e-308
988
6.89826e-310 3.08705e-315 6.88311e-308
989
6.89826e-310 3.09017e-315 6.89006e-308
990
6.89826e-310 3.09329e-315 6.89701e-308
991
6.89826e-310 3.0964e-315 6.90396e-308
992
6.89826e-310 3.09952e-315 6.91092e-308
993
6.89826e-310 3.10264e-315 6.91787e-308
994
6.89826e-310 3.10576e-315 6.92482e-308
995
6.89826e-310 3.10888e-315 6.93178e-308
996
6.89826e-310 3.11199e-315 6.93873e-308
997
6.89826e-310 3.11511e-315 6.94568e-308
998
6.89826e-310 3.11823e-315 6.95263e-308
999
