161.071 151.732 153.077
140.979 149.769 143.844
150.457 147.27 147.862
149.524 149.118 152.783
149.49 150.721 150.708
149.03 142.542 146.677
145.308 130.027 151.624
147.997 152.113 151.126
144.696 152.711 151.371
145.932 144.617 151.315
142.684 148.911 160.049
153.204 152.208 148.007
150.358 149.156 147.57
143.981 148.179 155.168
152.063 147.113 149.071
147.815 156.442 158.385
152.113 153.821 148.805
150.836 148.349 148.424
150.929 149.469 154.938
152.046 145.505 146.732
156.292 145.654 150.654
157.053 152.383 147.807
148.937 152.028 148.541
161.026 152.848 148.334
147.083 146.647 148.471
151.251 149.393 150.435
136.038 157.995 153.193
145.356 146.645 146.521
154.166 150.955 147.925
146.309 148.473 150.353
149.039 152.775 144.169
127.729 185.326 149.701
115.287 163.639 135.5
145.73 147.851 154.717
148.672 150.067 151.395
146.992 148.016 140.837
146.183 148.249 147.965
147.633 145.958 145.312
149.399 150.696 148.2
152.389 147.998 149.321
149.448 147.659 146.9
139.764 152.365 152.043
151.071 152.8 150.897
149.526 151.68 149.977
148.591 151.369 153.127
130.049 140.914 151.528
151.069 149.812 150.564
142.727 147.043 159.382
148.69 144.705 145.036
149.153 147.109 145.51
153.218 154.952 149.768
158.979 155.708 157.778
144.868 146.814 145.172
149.446 152.286 144.573
148.369 150.73 150.492
145.731 153.139 144.97
140.332 143.285 158.103
140.55 142.568 158.393
156.929 151.444 154.04
146.519 150.614 149.662
152.86 146.452 146.318
151.19 148.813 150.561
146.477 152.026 145.629
153.29 152.562 152.496
150.594 152.575 150.122
148.208 147.468 153.032
152.895 152.437 153.381
143.654 155.05 158.622
149.887 153.637 153.421
139.483 149.422 153.174
150.871 149.52 153.029
153.079 147.028 148.455
151.259 150.308 148.612
149.563 151.109 151.506
153.263 153.183 153.646
153.716 150.487 153.959
148.384 146.1 149
156.992 139.873 150.688
155.144 154.919 148.088
146.712 149.774 154.325
146.854 151.787 152.588
151.459 153.571 153.984
151.595 150.533 157.038
147.448 147.944 148.974
143.203 143.123 158.02
149.231 154.445 150.985
144.5 129.404 138.6
149.163 150.118 152.711
151.35 153.494 141.563
163.176 133.956 168.1
137.105 140.78 177.321
152.781 151.685 149.146
145.249 159.916 153.011
149.251 149.465 149.445
166.81 143.584 145.766
151.968 148.246 144.886
152.056 152.57 145.333
146.057 161.227 152.167
161.862 138.835 153.387
157.038 153.052 146.594
0
161.141 152.021 153.077
141.02 149.454 143.665
150.726 147.253 148.114
149.469 149.219 153.281
149.612 151.487 150.903
149.356 142.303 146.71
145.151 130.085 151.494
148.028 152.151 151.173
144.643 153.108 151.353
145.71 144.554 151.274
142.616 148.814 159.72
152.766 152.084 147.895
150.154 149.351 147.688
144.055 148.237 155.048
151.979 146.938 149.21
147.641 156.118 158.309
151.857 153.633 148.636
150.88 148.36 148.62
150.757 149.346 154.676
151.672 145.676 146.48
156.182 145.788 150.769
156.926 152.958 147.817
148.649 151.94 147.923
160.935 152.845 148.302
147.073 146.673 148.357
151.307 149.901 149.884
136.192 157.94 152.876
145.536 146.699 146.238
154.206 151.266 147.637
146.338 148.361 150.178
148.899 152.579 143.804
127.739 185.401 149.814
115.342 163.707 135.56
145.686 147.963 154.633
149.174 149.747 151.529
147.254 147.993 141.014
146.607 148.262 147.929
147.522 146.267 145.193
149.464 150.329 147.994
152.278 148.172 149.559
148.862 147.678 146.806
139.872 152.742 151.979
150.937 152.838 150.883
149.054 151.384 149.789
148.717 151.322 152.98
129.88 140.647 151.604
150.877 149.795 150.922
142.862 147.106 159.561
148.768 144.667 145.445
149.521 147.529 145.582
153.477 154.82 149.454
159.003 155.728 157.595
144.713 146.755 144.8
149.518 152.438 144.548
148.139 151.035 150.168
145.544 152.688 144.764
140.157 143.373 158.202
140.795 142.485 158.519
156.91 151.953 154.028
146.343 150.349 149.239
153.013 146.913 146.778
151.715 148.562 150.501
146.341 152.094 145.918
152.91 152.648 152.879
150.545 152.881 149.906
148.416 147.894 153.34
152.54 152.715 153.616
143.723 155.019 158.53
149.969 153.272 153.331
139.03 149.328 153.311
150.652 149.894 152.544
153.263 147.3 148.687
151.332 150.27 148.212
149.19 150.941 151.13
153.257 152.879 153.521
153.613 150.382 153.979
147.817 146.191 149.236
157.122 139.895 150.438
155.209 154.919 147.964
147.001 149.801 154.129
146.636 151.347 152.513
151.28 153.369 154.152
151.743 150.494 156.81
147.718 148.364 148.957
143.122 143.184 157.946
149.141 154.6 151.075
144.619 129.243 138.584
149.226 149.979 152.692
151.335 153.324 141.525
163.217 134.068 168.112
137.298 140.935 177.286
153.265 151.388 149.1
145.222 159.98 152.884
149.497 149.215 149.238
167 143.663 145.783
151.89 148.032 144.571
151.979 152.862 145.235
146.068 161.382 152.331
161.78 138.776 153.411
156.701 153.364 146.675
1
161.2 152.307 153.076
141.073 149.139 143.494
150.987 147.267 148.378
149.422 149.339 153.742
149.736 152.234 151.081
149.687 142.085 146.751
144.994 130.147 151.363
148.088 152.162 151.203
144.61 153.493 151.33
145.503 144.509 151.227
142.554 148.717 159.383
152.305 151.932 147.792
149.946 149.558 147.848
144.143 148.301 154.918
151.884 146.783 149.35
147.473 155.787 158.221
151.59 153.422 148.478
150.914 148.391 148.817
150.585 149.231 154.373
151.288 145.868 146.246
156.053 145.934 150.888
156.779 153.528 147.829
148.373 151.836 147.326
160.832 152.839 148.273
147.077 146.746 148.23
151.332 150.423 149.338
136.353 157.881 152.558
145.739 146.766 145.974
154.22 151.584 147.362
146.395 148.266 149.998
148.766 152.37 143.469
127.75 185.475 149.928
115.398 163.775 135.621
145.656 148.085 154.535
149.689 149.44 151.655
147.521 147.974 141.208
147.082 148.273 147.906
147.406 146.596 145.104
149.544 149.953 147.825
152.142 148.366 149.795
148.284 147.717 146.741
139.994 153.116 151.914
150.799 152.845 150.861
148.582 151.033 149.601
148.863 151.256 152.808
129.714 140.383 151.679
150.665 149.789 151.258
143.004 147.172 159.731
148.851 144.65 145.87
149.89 147.962 145.68
153.72 154.664 149.141
159.018 155.744 157.406
144.574 146.703 144.445
149.587 152.573 144.547
147.938 151.33 149.836
145.374 152.226 144.576
139.992 143.463 158.298
141.045 142.409 158.64
156.878 152.452 154.011
146.203 150.083 148.818
153.146 147.393 147.258
152.218 148.332 150.434
146.241 152.135 146.23
152.502 152.719 153.246
150.488 153.157 149.703
148.655 148.343 153.618
152.171 152.978 153.822
143.799 154.982 158.429
150.063 152.884 153.217
138.589 149.236 153.445
150.451 150.248 152.066
153.416 147.589 148.922
151.367 150.238 147.85
148.831 150.769 150.741
153.217 152.555 153.372
153.489 150.273 153.973
147.268 146.312 149.472
157.246 139.927 150.188
155.257 154.902 147.847
147.311 149.832 153.906
146.443 150.891 152.419
151.089 153.137 154.293
151.884 150.456 156.556
148.009 148.796 148.933
143.045 143.25 157.867
149.061 154.724 151.16
144.739 129.085 138.57
149.343 149.825 152.701
151.317 153.147 141.504
163.256 134.182 168.123
137.492 141.092 177.248
153.717 151.085 149.059
145.202 160.034 152.754
149.768 148.985 149.03
167.184 143.744 145.801
151.801 147.828 144.281
151.891 153.14 145.159
146.082 161.525 152.494
161.693 138.723 153.433
156.345 153.669 146.765
2
161.248 152.592 153.072
141.138 148.824 143.332
151.239 147.314 148.653
149.387 149.468 154.165
149.868 152.953 151.244
150.022 141.887 146.801
144.839 130.215 151.233
148.175 152.147 151.217
144.596 153.864 151.304
145.311 144.481 151.173
142.5 148.62 159.037
151.835 151.754 147.7
149.732 149.781 148.056
144.248 148.369 154.777
151.783 146.649 149.491
147.309 155.449 158.122
151.314 153.185 148.333
150.932 148.446 149.017
150.413 149.131 154.027
150.893 146.078 146.032
155.904 146.092 151.011
156.612 154.092 147.841
148.126 151.713 146.744
160.717 152.83 148.245
147.078 146.884 148.088
151.32 150.943 148.795
136.52 157.819 152.24
145.965 146.845 145.73
154.209 151.878 147.113
146.479 148.188 149.811
148.64 152.151 143.162
127.762 185.547 150.042
115.456 163.842 135.683
145.641 148.216 154.422
150.217 149.144 151.77
147.793 147.959 141.418
147.612 148.247 147.912
147.296 146.946 145.045
149.645 149.564 147.695
151.984 148.578 150.039
147.71 147.771 146.707
140.131 153.484 151.85
150.659 152.823 150.83
148.146 150.681 149.427
149.028 151.171 152.609
129.552 140.12 151.754
150.437 149.791 151.584
143.151 147.241 159.892
148.94 144.655 146.311
150.257 148.406 145.806
153.949 154.487 148.829
159.023 155.757 157.21
144.45 146.658 144.105
149.657 152.69 144.571
147.77 151.609 149.497
145.221 151.757 144.407
139.835 143.555 158.39
141.3 142.34 158.755
156.831 152.944 153.987
146.098 149.824 148.41
153.255 147.893 147.759
152.699 148.122 150.356
146.174 152.154 146.555
152.072 152.774 153.595
150.425 153.404 149.513
148.922 148.803 153.861
151.786 153.218 153.997
143.88 154.94 158.32
150.172 152.473 153.079
138.16 149.146 153.577
150.248 150.594 151.579
153.538 147.895 149.161
151.375 150.208 147.524
148.491 150.593 150.337
153.142 152.218 153.2
153.342 150.162 153.94
146.739 146.46 149.702
157.364 139.967 149.937
155.288 154.869 147.737
147.643 149.868 153.653
146.287 150.388 152.303
150.891 152.876 154.395
152.017 150.419 156.277
148.323 149.242 148.909
142.973 143.321 157.783
148.991 154.818 151.24
144.86 128.93 138.558
149.471 149.726 152.752
151.298 152.965 141.5
163.294 134.298 168.131
137.687 141.25 177.208
154.139 150.779 149.021
145.189 160.077 152.621
150.048 148.794 148.831
167.362 143.828 145.821
151.701 147.633 144.014
151.792 153.401 145.104
146.1 161.656 152.656
161.601 138.674 153.454
155.966 153.972 146.866
3
161.285 152.874 153.065
141.214 148.51 143.178
151.481 147.391 148.935
149.366 149.601 154.548
150.013 153.64 151.395
150.359 141.712 146.86
144.685 130.287 151.102
148.289 152.107 151.215
144.602 154.221 151.274
145.132 144.47 151.113
142.454 148.523 158.682
151.347 151.558 147.626
149.527 149.99 148.295
144.37 148.444 154.625
151.676 146.538 149.631
147.149 155.104 158.011
151.026 152.921 148.203
150.931 148.528 149.22
150.241 149.054 153.643
150.489 146.307 145.838
155.734 146.258 151.143
156.423 154.647 147.854
147.891 151.578 146.199
160.59 152.818 148.219
147.02 147.095 147.971
151.284 151.411 148.183
136.695 157.752 151.921
146.217 146.935 145.508
154.175 152.153 146.886
146.59 148.125 149.618
148.52 151.924 142.881
127.775 185.619 150.156
115.514 163.909 135.745
145.641 148.357 154.294
150.737 148.875 151.874
148.07 147.947 141.646
148.119 148.177 147.925
147.232 147.326 145.024
149.758 149.19 147.622
151.808 148.808 150.28
147.138 147.832 146.712
140.283 153.847 151.784
150.514 152.772 150.793
147.727 150.324 149.263
149.211 151.068 152.383
129.394 139.859 151.83
150.194 149.793 151.918
143.303 147.315 160.043
149.034 144.684 146.766
150.616 148.863 145.96
154.166 154.294 148.518
159.019 155.766 157.009
144.34 146.62 143.78
149.728 152.789 144.62
147.631 151.874 149.16
145.085 151.282 144.256
139.687 143.65 158.479
141.561 142.277 158.867
156.769 153.428 153.956
146.03 149.568 148.015
153.322 148.418 148.275
153.153 147.933 150.275
146.136 152.154 146.892
151.616 152.816 153.925
150.357 153.622 149.337
149.208 149.277 154.071
151.382 153.428 154.144
143.968 154.892 158.202
150.297 152.041 152.916
137.742 149.058 153.706
150.047 150.929 151.081
153.628 148.216 149.403
151.359 150.18 147.233
148.169 150.414 149.917
153.037 151.868 153.006
153.174 150.049 153.88
146.231 146.632 149.925
157.474 140.017 149.685
155.304 154.817 147.634
147.999 149.909 153.369
146.188 149.91 152.179
150.695 152.597 154.454
152.141 150.382 155.97
148.671 149.706 148.89
142.905 143.398 157.695
148.93 154.882 151.314
144.981 128.779 138.548
149.585 149.676 152.796
151.275 152.776 141.514
163.331 134.416 168.139
137.884 141.408 177.166
154.528 150.473 148.985
145.183 160.11 152.486
150.323 148.643 148.646
167.535 143.913 145.843
151.593 147.449 143.772
151.684 153.648 145.07
146.122 161.775 152.816
161.504 138.63 153.474
155.546 154.292 146.938
4
161.311 153.153 153.057
141.301 148.198 143.034
151.711 147.493 149.223
149.354 149.734 154.883
150.166 154.294 151.543
150.697 141.558 146.926
144.533 130.364 150.971
148.432 152.041 151.198
144.625 154.565 151.24
144.968 144.477 151.047
142.416 148.427 158.318
150.837 151.346 147.583
149.341 150.186 148.572
144.51 148.524 154.462
151.567 146.452 149.768
146.995 154.751 157.887
150.727 152.629 148.089
150.91 148.637 149.423
150.068 149.002 153.231
150.079 146.553 145.667
155.546 146.427 151.283
156.213 155.19 147.866
147.668 151.432 145.682
160.45 152.804 148.195
146.961 147.303 147.902
151.224 151.856 147.582
136.876 157.682 151.602
146.492 147.035 145.309
154.121 152.413 146.68
146.729 148.077 149.418
148.405 151.69 142.624
127.788 185.689 150.271
115.575 163.976 135.808
145.656 148.506 154.151
151.239 148.63 151.961
148.35 147.94 141.893
148.625 148.103 147.953
147.198 147.699 145.037
149.873 148.829 147.588
151.609 149.055 150.518
146.591 147.891 146.756
140.449 154.205 151.718
150.369 152.695 150.751
147.325 149.975 149.113
149.409 150.948 152.132
129.24 139.6 151.905
149.998 149.768 152.267
143.461 147.391 160.185
149.133 144.738 147.234
150.966 149.331 146.143
154.372 154.089 148.213
159.005 155.771 156.801
144.241 146.589 143.47
149.8 152.871 144.695
147.516 152.143 148.839
144.963 150.804 144.121
139.546 143.748 158.563
141.828 142.221 158.973
156.692 153.905 153.917
145.999 149.315 147.634
153.351 148.954 148.798
153.58 147.763 150.192
146.127 152.137 147.243
151.128 152.845 154.23
150.283 153.807 149.175
149.513 149.766 154.251
150.965 153.599 154.264
144.062 154.838 158.074
150.43 151.595 152.724
137.334 148.972 153.833
149.849 151.254 150.57
153.685 148.549 149.648
151.323 150.154 146.973
147.859 150.23 149.488
152.903 151.506 152.786
152.983 149.935 153.79
145.742 146.824 150.143
157.578 140.076 149.434
155.308 154.747 147.534
148.379 149.954 153.052
146.121 149.442 152.036
150.505 152.308 154.477
152.255 150.345 155.636
149.077 150.128 148.858
142.843 143.48 157.601
148.879 154.917 151.383
145.103 128.631 138.541
149.691 149.654 152.816
151.25 152.582 141.546
163.366 134.535 168.144
138.082 141.568 177.122
154.885 150.168 148.952
145.183 160.133 152.35
150.591 148.523 148.477
167.703 144.001 145.866
151.477 147.274 143.552
151.568 153.879 145.055
146.147 161.883 152.974
161.403 138.592 153.491
155.123 154.594 147.012
5
161.327 153.43 153.047
141.399 147.887 142.899
151.925 147.62 149.514
149.355 149.873 155.174
150.318 154.911 151.691
151.035 141.424 147
144.382 130.446 150.839
148.605 151.948 151.167
144.665 154.896 151.204
144.818 144.501 150.976
142.387 148.332 157.945
150.308 151.118 147.584
149.163 150.37 148.898
144.669 148.61 154.286
151.453 146.393 149.901
146.847 154.391 157.75
150.419 152.306 147.989
150.868 148.773 149.625
149.895 148.976 152.788
149.664 146.819 145.515
155.343 146.598 151.425
155.982 155.717 147.88
147.453 151.278 145.195
160.299 152.786 148.172
146.929 147.529 147.849
151.145 152.278 146.994
137.064 157.607 151.283
146.792 147.147 145.134
154.047 152.659 146.491
146.896 148.046 149.21
148.296 151.45 142.391
127.803 185.759 150.385
115.636 164.042 135.872
145.686 148.664 153.994
151.722 148.405 152.03
148.635 147.938 142.161
149.142 148.038 148
147.178 148.07 145.08
149.987 148.478 147.585
151.386 149.319 150.749
146.068 147.952 146.83
140.629 154.556 151.651
150.224 152.587 150.702
146.952 149.647 148.968
149.619 150.812 151.861
129.089 139.343 151.98
149.815 149.745 152.601
143.623 147.47 160.317
149.239 144.819 147.712
151.302 149.809 146.359
154.563 153.873 147.914
158.981 155.772 156.588
144.154 146.564 143.173
149.873 152.935 144.796
147.433 152.401 148.543
144.858 150.322 144.004
139.412 143.849 158.643
142.099 142.171 159.074
156.602 154.375 153.872
146.003 149.063 147.269
153.342 149.497 149.331
153.979 147.612 150.108
146.147 152.105 147.607
150.615 152.861 154.489
150.206 153.96 149.026
149.83 150.26 154.4
150.544 153.734 154.363
144.163 154.778 157.938
150.562 151.137 152.501
136.936 148.888 153.957
149.658 151.57 150.033
153.707 148.892 149.895
151.267 150.13 146.743
147.558 150.049 149.059
152.738 151.135 152.535
152.768 149.82 153.668
145.268 147.028 150.35
157.676 140.144 149.182
155.295 154.658 147.431
148.788 150 152.703
146.081 148.983 151.873
150.322 152.011 154.469
152.356 150.307 155.274
149.522 150.545 148.823
142.785 143.567 157.503
148.839 154.924 151.446
145.226 128.486 138.536
149.8 149.653 152.804
151.222 152.382 141.597
163.401 134.657 168.148
138.281 141.728 177.075
155.211 149.864 148.923
145.19 160.144 152.212
150.849 148.429 148.32
167.866 144.09 145.89
151.354 147.11 143.355
151.444 154.093 145.061
146.176 161.98 153.129
161.297 138.559 153.507
154.694 154.884 147.107
6
161.332 153.704 153.035
141.508 147.578 142.773
152.122 147.769 149.807
149.369 150.018 155.43
150.467 155.493 151.837
151.372 141.31 147.079
144.232 130.533 150.708
148.808 151.827 151.127
144.719 155.214 151.165
144.683 144.543 150.898
142.367 148.239 157.561
149.793 150.882 147.632
149.039 150.559 149.236
144.85 148.702 154.097
151.335 146.362 150.032
146.705 154.025 157.599
150.102 151.952 147.903
150.804 148.937 149.828
149.723 148.986 152.314
149.25 147.104 145.384
155.124 146.777 151.564
155.736 156.228 147.896
147.249 151.117 144.738
160.134 152.766 148.153
146.935 147.789 147.811
151.066 152.664 146.437
137.26 157.529 150.964
147.115 147.27 144.985
153.956 152.894 146.321
147.09 148.031 148.992
148.192 151.206 142.181
127.818 185.828 150.5
115.699 164.108 135.936
145.731 148.829 153.821
152.188 148.202 152.081
148.923 147.942 142.449
149.669 147.975 148.075
147.171 148.443 145.152
150.094 148.139 147.612
151.142 149.6 150.971
145.576 148.011 146.939
140.824 154.901 151.583
150.077 152.446 150.642
146.616 149.338 148.823
149.838 150.664 151.577
128.941 139.088 152.054
149.63 149.702 152.976
143.791 147.552 160.439
149.351 144.928 148.199
151.62 150.302 146.616
154.738 153.648 147.62
158.947 155.768 156.369
144.078 146.545 142.89
149.947 152.981 144.923
147.379 152.647 148.269
144.767 149.839 143.904
139.286 143.954 158.72
142.376 142.128 159.17
156.499 154.836 153.821
146.039 148.81 146.919
153.297 150.041 149.874
154.351 147.478 150.024
146.195 152.058 147.986
150.104 152.858 154.716
150.125 154.079 148.887
150.155 150.754 154.512
150.126 153.838 154.443
144.271 154.712 157.792
150.689 150.656 152.249
136.548 148.804 154.08
149.491 151.858 149.492
153.696 149.246 150.143
151.194 150.097 146.529
147.269 149.876 148.634
152.543 150.76 152.255
152.532 149.705 153.508
144.816 147.242 150.545
157.766 140.221 148.931
155.259 154.557 147.331
149.233 150.052 152.316
146.068 148.537 151.692
150.142 151.709 154.434
152.441 150.269 154.883
150.009 150.93 148.844
142.733 143.659 157.4
148.81 154.904 151.503
145.35 128.344 138.532
149.912 149.69 152.703
151.192 152.177 141.666
163.434 134.78 168.15
138.481 141.889 177.027
155.506 149.561 148.9
145.204 160.145 152.073
151.104 148.345 148.161
168.024 144.181 145.916
151.225 146.955 143.18
151.313 154.292 145.085
146.209 162.066 153.283
161.186 138.531 153.522
154.259 155.154 147.217
7
161.327 153.975 153.021
141.627 147.271 142.656
152.3 147.939 150.102
149.394 150.167 155.655
150.612 156.047 151.976
151.707 141.215 147.165
144.085 130.625 150.576
149.036 151.679 151.081
144.788 155.522 151.123
144.562 144.603 150.814
142.359 148.146 157.166
149.287 150.64 147.715
148.945 150.746 149.582
145.053 148.801 153.894
151.211 146.359 150.161
146.569 153.652 157.435
149.781 151.57 147.837
150.717 149.13 150.032
149.561 149.02 151.811
148.837 147.406 145.274
154.888 146.964 151.697
155.476 156.723 147.915
147.06 150.949 144.308
159.957 152.743 148.135
146.996 148.085 147.805
150.975 153.028 145.906
137.463 157.446 150.645
147.467 147.398 144.867
153.848 153.118 146.168
147.309 148.034 148.758
148.093 150.959 141.993
127.834 185.895 150.615
115.764 164.173 136.001
145.792 149.001 153.633
152.639 148.022 152.113
149.214 147.951 142.761
150.191 147.916 148.155
147.179 148.822 145.253
150.188 147.816 147.67
150.876 149.896 151.18
145.12 148.074 147.066
141.033 155.238 151.513
149.928 152.27 150.567
146.318 149.04 148.679
150.064 150.506 151.284
128.797 138.834 152.129
149.455 149.682 153.288
143.964 147.635 160.552
149.468 145.067 148.694
151.905 150.788 146.896
154.896 153.413 147.332
158.903 155.759 156.145
144.011 146.532 142.62
150.023 153.008 145.076
147.351 152.875 148.021
144.692 149.355 143.821
139.167 144.061 158.792
142.656 142.09 159.261
156.383 155.289 153.764
146.104 148.552 146.59
153.214 150.585 150.429
154.699 147.358 149.943
146.276 151.996 148.378
149.597 152.838 154.922
150.04 154.167 148.758
150.481 151.247 154.588
149.713 153.915 154.504
144.387 154.64 157.637
150.789 150.123 152.064
136.168 148.722 154.2
149.329 152.122 148.96
153.647 149.61 150.393
151.121 150.074 146.348
146.995 149.721 148.213
152.31 150.387 151.952
152.283 149.595 153.307
144.388 147.466 150.731
157.85 140.306 148.68
155.205 154.44 147.238
149.694 150.102 151.921
146.08 148.106 151.495
149.963 151.394 154.37
152.508 150.228 154.461
150.524 151.271 148.902
142.687 143.757 157.292
148.791 154.858 151.554
145.475 128.206 138.531
150.008 149.74 152.586
151.159 151.967 141.754
163.466 134.906 168.15
138.682 142.051 176.976
155.774 149.26 148.883
145.224 160.134 151.933
151.345 148.212 147.969
168.176 144.274 145.943
151.09 146.81 143.025
151.177 154.473 145.129
146.245 162.142 153.434
161.071 138.509 153.534
153.815 155.404 147.337
8
161.313 154.242 153.005
141.757 146.966 142.55
152.457 148.13 150.399
149.428 150.319 155.85
150.754 156.576 152.11
152.039 141.138 147.257
143.938 130.722 150.444
149.283 151.514 151.025
144.868 155.819 151.077
144.456 144.681 150.725
142.364 148.052 156.76
148.795 150.397 147.827
148.876 150.949 149.937
145.28 148.908 153.675
151.081 146.382 150.287
146.44 153.273 157.256
149.463 151.167 147.796
150.605 149.349 150.236
149.43 149.06 151.298
148.425 147.721 145.187
154.633 147.163 151.823
155.204 157.201 147.938
146.886 150.775 143.902
159.766 152.716 148.119
147.123 148.376 147.847
150.873 153.371 145.397
137.674 157.358 150.326
147.835 147.518 144.791
153.726 153.33 146.034
147.547 148.055 148.5
147.999 150.708 141.827
127.852 185.962 150.73
115.829 164.238 136.066
145.867 149.179 153.429
153.074 147.868 152.127
149.507 147.966 143.096
150.706 147.877 148.231
147.207 149.212 145.394
150.273 147.52 147.769
150.591 150.201 151.38
144.697 148.141 147.205
141.256 155.568 151.442
149.774 152.058 150.47
146.057 148.751 148.535
150.297 150.336 150.983
128.657 138.583 152.204
149.297 149.678 153.548
144.142 147.721 160.656
149.59 145.239 149.196
152.169 151.27 147.202
155.035 153.171 147.051
158.849 155.742 155.916
143.953 146.524 142.362
150.1 153.017 145.257
147.347 153.078 147.797
144.631 148.872 143.754
139.055 144.172 158.859
142.941 142.059 159.346
156.255 155.733 153.702
146.194 148.295 146.284
153.079 151.105 150.982
155.024 147.25 149.865
146.389 151.92 148.782
149.104 152.8 155.112
149.952 154.222 148.638
150.794 151.737 154.629
149.306 153.969 154.547
144.51 154.562 157.472
150.865 149.589 151.87
135.796 148.641 154.318
149.14 152.386 148.445
153.559 149.984 150.645
151.032 150.057 146.195
146.751 149.573 147.808
152.043 150.027 151.634
152.025 149.495 153.078
143.985 147.7 150.91
157.926 140.4 148.43
155.136 154.306 147.15
150.174 150.147 151.511
146.113 147.691 151.285
149.792 151.07 154.281
152.553 150.184 154.008
151.016 151.56 148.971
142.648 143.86 157.179
148.782 154.787 151.598
145.6 128.071 138.532
150.113 149.803 152.435
151.123 151.752 141.861
163.496 135.033 168.148
138.885 142.214 176.922
156.016 148.962 148.871
145.25 160.112 151.792
151.506 148.091 147.807
168.324 144.369 145.971
150.95 146.676 142.89
151.036 154.636 145.192
146.285 162.208 153.582
160.951 138.492 153.545
153.36 155.634 147.466
9
